20000 run
num_tilings 32

16*16

avg_reward_step_size": [0.05]

epsilon: [0.005 0.006 0.007 0.008 0.009 0.01  0.011 0.012 0.013 0.014 0.015 0.016 0.017 0.018 0.019 0.02 ]
update_step_size: [ 0.25  1.3   2.35  3.4   4.45  5.5   6.55  7.6   8.65  9.7  10.75 11.8 12.85 13.9  14.95 16.  ]

exponential reward: [-1.33216586 -1.2967055  -1.30198651 -1.31652291 -1.30529877 -1.31593484 -1.32580127 -1.30106527 -1.32045481 -1.28814729 -1.28398207 -1.27491493 -1.28759494 -1.28526482 -1.29531002 -1.29980655; 
 -1.32098177 -1.30270687 -1.27500044 -1.29181629 -1.29932892 -1.28612644 -1.32489094 -1.28604901 -1.28968077 -1.27901985 -1.37165257 -1.31337881 -1.29109768 -1.31086896 -1.28334881 -1.27495944;
 -1.32295677 -1.25911149 -1.33892419 -1.30166683 -1.268859   -1.29597652 -1.30035013 -1.32166517 -1.32386486 -1.33232354 -1.33300402 -1.29856171 -1.28856677 -1.33360461 -1.3306487  -1.33651776;
 -1.33805731 -1.28502418 -1.30138373 -1.33959537 -1.28424813 -1.32748714 -1.35062675 -1.29753312 -1.3453864  -1.30817131 -1.33473039 -1.33287152 -1.28353941 -1.27592445 -1.34386119 -1.32496478;
 -1.35139899 -1.34069631 -1.36769025 -1.29753972 -1.29139294 -1.31725248 -1.32519223 -1.32611487 -1.35168709 -1.29248423 -1.37148265 -1.35311092 -1.31333833 -1.33229155 -1.36060011 -1.27503835;
 -1.33204354 -1.34615251 -1.30135162 -1.26247796 -1.37370659 -1.32047595 -1.24216836 -1.35610739 -1.24435025 -1.3575344  -1.31339545 -1.33641287 -1.31959341 -1.32613048 -1.31152324 -1.31107008;
 -1.35987541 -1.34700867 -1.28402962 -1.34507102 -1.41336577 -1.36630332 -1.31455595 -1.33752755 -1.31029995 -1.26698295 -1.32906181 -1.37371236 -1.34548567 -1.29601567 -1.33599664 -1.37449781;
 -1.29367907 -1.39171753 -1.36134761 -1.26167512 -1.34115634 -1.33919648 -1.37813746 -1.36379693 -1.3914415  -1.26379579 -1.40342692 -1.39131441 -1.36900957 -1.40820307 -1.27086252 -1.36544779;
 -1.3370759  -1.34589724 -1.34645631 -1.38395325 -1.33978899 -1.28060333 -1.34940743 -1.29962121 -1.33588115 -1.33814577 -1.34880734 -1.28947971 -1.316275   -1.34306069 -1.33640504 -1.33532717;
 -1.34759983 -1.30199926 -1.32868605 -1.33102034 -1.37949611 -1.30847713 -1.30414002 -1.3145965  -1.2814946  -1.33082307 -1.36106702 -1.35224909 -1.29966967 -1.30032667 -1.29736423 -1.28864289;
 -1.38057972 -1.39596882 -1.3121002  -1.31574523 -1.37176779 -1.33189619 -1.29078855 -1.30219615 -1.33113369 -1.29815243 -1.31776071 -1.32518196 -1.35851091 -1.3386698  -1.32298438 -1.34483085;
 -1.3852185  -1.33467185 -1.36111807 -1.31785358 -1.32076639 -1.32851305 -1.33765224 -1.30543381 -1.28329943 -1.32435565 -1.38597877 -1.29780217 -1.27950256 -1.26037953 -1.32290758 -1.34778719;
 -1.30409305 -1.28699214 -1.33597789 -1.35016364 -1.29371257 -1.31095634 -1.26239727 -1.29787828 -1.2870595  -1.34498267 -1.27780877 -1.32196459 -1.39062303 -1.23496213 -1.33165663 -1.26182253;
 -1.29904897 -1.31528532 -1.28647564 -1.27716019 -1.30141513 -1.31033083 -1.3004733  -1.3223421  -1.33764931 -1.34748895 -1.3799572  -1.25727151 -1.33595749 -1.34702216 -1.25252858 -1.29167308;
 -1.29919291 -1.3564199  -1.30328711 -1.24563006 -1.32058276 -1.25545572 -1.3327066  -1.27071936 -1.29173931 -1.29672299 -1.24339328 -1.3229303 -1.27390635 -1.31406001 -1.31248909 -1.3280254;
 -1.27015915 -1.27515075 -1.29518467 -1.28534937 -1.36721877 -1.26342134 -1.25740495 -1.27741081 -1.25957429 -1.27739969 -1.31365181 -1.29854693 -1.28971048 -1.24281726 -1.31023748 -1.27618959]


avg_reward_step_size": [0.03]

epsilon: [0.005 0.006 0.007 0.008 0.009 0.01  0.011 0.012 0.013 0.014 0.015 0.016 0.017 0.018 0.019 0.02 ]
update_step_size: [ 0.25  1.3   2.35  3.4   4.45  5.5   6.55  7.6   8.65  9.7  10.75 11.8 12.85 13.9  14.95 16.  ]


exponential reward:
[-1.39184033 -1.36443251 -1.37012499 -1.30201777 -1.26209564 -1.31246702  -1.31449501 -1.28405559 -1.33722016 -1.34101706 -1.43355157 -1.34083567  -1.33947747 -1.36815704 -1.31256435 -1.31440431;
 -1.24748085 -1.33397864 -1.34667625 -1.38141355 -1.35725022 -1.31882707 -1.30879174 -1.41580428 -1.2214137  -1.22914004 -1.22847108 -1.27439847  -1.35137056 -1.38352833 -1.3999206  -1.28552955;
 -1.32768903 -1.30595779 -1.28222961 -1.26055077 -1.34308178 -1.29107148  -1.36302626 -1.27216544 -1.32150406 -1.33290427 -1.27912438 -1.28677652  -1.32080166 -1.34352502 -1.31960238 -1.30376475;
 -1.27222524 -1.32261455 -1.3436856  -1.3143765  -1.33961987 -1.33938106 -1.23877403 -1.36439678 -1.30570356 -1.25004144 -1.298614   -1.34323938 -1.26958409 -1.35285213 -1.2998471  -1.37945703;
 -1.30518306 -1.33680728 -1.3808458  -1.32604772 -1.30675543 -1.33393574 -1.34747038 -1.31778681 -1.34509442 -1.33841876 -1.31832309 -1.30066175 -1.32129518 -1.24955892 -1.30254474 -1.27469152;
 -1.33026609 -1.3032746  -1.31667168 -1.35570969 -1.29143701 -1.31972655  -1.33678368 -1.30504936 -1.26154527 -1.40969774 -1.3324966  -1.35211968 -1.35637271 -1.32050457 -1.33210174 -1.33521581;
 -1.37955874 -1.28447428 -1.28801786 -1.26812275 -1.35945124 -1.19751369  -1.29185129 -1.28303565 -1.32416563 -1.32121052 -1.36332532 -1.2742696 -1.27571836 -1.25433357 -1.26975722 -1.25574002;
 -1.25548424 -1.29695954 -1.21983434 -1.2146444  -1.29091012 -1.3218353 -1.33564441 -1.35680535 -1.30437773 -1.31865753 -1.38047184 -1.32796394 -1.32661656 -1.34161368 -1.30503614 -1.31891572;
 -1.25967377 -1.24451399 -1.29512666 -1.31757667 -1.24301939 -1.2680147 -1.33301468 -1.34270504 -1.30959432 -1.30746886 -1.26779632 -1.28897483 -1.24464736 -1.30281849 -1.24767453 -1.25182267;
 -1.28733743 -1.29612347 -1.31174453 -1.28304002 -1.35127977 -1.30930785 -1.26653327 -1.32938598 -1.27566306 -1.3364816  -1.2657089  -1.294283  -1.28815865 -1.19860907 -1.26391261 -1.26650001;
 -1.27081311 -1.3110109  -1.29905762 -1.30156356 -1.2925519  -1.31750228 -1.25768127 -1.30869289 -1.27219909 -1.2500827  -1.36137545 -1.33233343 -1.33224418 -1.34332504 -1.21986986 -1.26111864;
 -1.27651857 -1.29388842 -1.31037269 -1.27682075 -1.24228436 -1.3443512  -1.30672599 -1.29211495 -1.28373266 -1.32896012 -1.31048832 -1.24971439 -1.27647966 -1.26432347 -1.26186158 -1.29258161;
 -1.29535113 -1.27680849 -1.34537333 -1.29728695 -1.2490561  -1.26273151 -1.26216259 -1.29435756 -1.26362031 -1.29192475 -1.29837507 -1.20717369 -1.25814504 -1.26713435 -1.30639102 -1.22855435;
 -1.23342015 -1.28213987 -1.30295673 -1.33624015 -1.2374237  -1.2414349 -1.20549472 -1.23894751 -1.25147721 -1.26376235 -1.19212257 -1.20713422 -1.2032164  -1.2667488  -1.26711595 -1.25769529;
 -1.2554453  -1.20598369 -1.2080914  -1.26747655 -1.28535506 -1.18927609  -1.23739282 -1.22768296 -1.23915515 -1.20391667 -1.27866805 -1.25056978 -1.22597527 -1.19185845 -1.29802763 -1.30232965;
 -1.15822176 -1.25349512 -1.21410957 -1.26802695 -1.26622249 -1.31615558  -1.31017068 -1.21218341 -1.35601595 -1.17692001 -1.2477665  -1.2436881 -1.24446676 -1.20857808 -1.28359716 -1.15865918]


avg_reward_step_size": [0.01]

epsilon: [0.005 0.006 0.007 0.008 0.009 0.01  0.011 0.012 0.013 0.014 0.015 0.016 0.017 0.018 0.019 0.02 ]
update_step_size: [ 0.25  1.3   2.35  3.4   4.45  5.5   6.55  7.6   8.65  9.7  10.75 11.8 12.85 13.9  14.95 16.  ]


exponential reward:
[-1.40653025 -1.32788744 -1.41028379 -1.41947956 -1.34200733 -1.39682168 -1.39528009 -1.40541414 -1.3330821  -1.25567133 -1.33284913 -1.35689417 -1.34099597 -1.31769931 -1.33403741 -1.29310511;
 -1.3190691  -1.28550271 -1.33640436 -1.32743375 -1.34768891 -1.33887305 -1.27962393 -1.35799444 -1.28913311 -1.30397302 -1.3797305  -1.43056637 -1.34659765 -1.2827296  -1.37100745 -1.33431276;
 -1.29267456 -1.30916163 -1.33389476 -1.27277593 -1.23877797 -1.29561922 -1.41692833 -1.2340863  -1.31969741 -1.28466836 -1.25308166 -1.30687918 -1.34451788 -1.3622103  -1.22816578 -1.33955111;
-1.35158299 -1.28709792 -1.26353929 -1.27365761 -1.23546785 -1.28884901 -1.27550881 -1.37883152 -1.29256768 -1.34072896 -1.30399952 -1.30540409 -1.32924452 -1.24605065 -1.27981999 -1.33227646;
 -1.30006089 -1.28880764 -1.26480643 -1.30540733 -1.27938399 -1.28296204 -1.26634211 -1.24215424 -1.23580188 -1.23924587 -1.20267732 -1.28582557 -1.26256504 -1.30904451 -1.3137856  -1.26460455;
 -1.23245335 -1.29579573 -1.26347242 -1.24053185 -1.24502362 -1.23656335 -1.32310498 -1.2865392  -1.35070097 -1.27568551 -1.32973569 -1.28702133  -1.25296666 -1.27295792 -1.25545414 -1.2775694 ;
 -1.25612665 -1.26977634 -1.30392807 -1.22371349 -1.26470487 -1.32136135 -1.31446264 -1.23805373 -1.22157848 -1.31815205 -1.29972679 -1.27490331 -1.28318239 -1.27023806 -1.24673897 -1.24547544;
 -1.31014396 -1.27206263 -1.2015916  -1.27766067 -1.30186963 -1.296801 -1.26126597 -1.27790272 -1.30379372 -1.21571258 -1.25612341 -1.31803842 -1.29710018 -1.26985497 -1.25211295 -1.24351481;
 -1.25200553 -1.29907754 -1.24683895 -1.18610126 -1.29304554 -1.29238207 -1.24054897 -1.15573544 -1.26726049 -1.27887231 -1.23138501 -1.28678702 -1.24982685 -1.24440077 -1.317507   -1.30384675;
 -1.26103152 -1.31261355 -1.18715154 -1.23219145 -1.22638919 -1.26750809 -1.31772625 -1.29316066 -1.29878482 -1.2963715  -1.37786258 -1.25961671 -1.28049059 -1.30208061 -1.26707133 -1.25947789;
 -1.21108774 -1.27432258 -1.21985892 -1.26545516 -1.30565792 -1.37368466 -1.20715881 -1.25690564 -1.32070593 -1.16617889 -1.35872376 -1.29398021 -1.24390992 -1.28505744 -1.20045829 -1.30790097;
 -1.27419944 -1.30078874 -1.29227692 -1.32622171 -1.26955042 -1.30535791 -1.18337067 -1.29335412 -1.30511626 -1.27899012 -1.27104924 -1.27337338 -1.27494201 -1.28243308 -1.32188646 -1.26871759;
 -1.29020484 -1.29807145 -1.31286173 -1.17520702 -1.20942448 -1.33634374 -1.23784268 -1.25741928 -1.20554455 -1.24797867 -1.27464346 -1.25248971 -1.36634725 -1.32834116 -1.28360185 -1.20214359;
 -1.23198776 -1.28994788 -1.28839971 -1.20732117 -1.25911556 -1.30403543 -1.17244828 -1.16508671 -1.26563558 -1.17596445 -1.27115492 -1.22960746 -1.31672203 -1.29988906 -1.22563146 -1.31613343;
 -1.31055636 -1.30545653 -1.35473982 -1.18436347 -1.37517129 -1.24982351 -1.21550503 -1.21586719 -1.17689558 -1.23630563 -1.26427698 -1.33182362 -1.20645797 -1.25654546 -1.19301348 -1.2154595 ;
 -1.31147767 -1.28122657 -1.29354735 -1.21106455 -1.33148172 -1.28169966 -1.31057907 -1.21983011 -1.21986269 -1.18524996 -1.22510185 -1.25759204 -1.25548386 -1.23184575 -1.29054053 -1.21549086]


avg_reward_step_size": [0.07] (This is a sharp high in about 16. Going to change the step size and try again.

epsilon: [0.005 0.006 0.007 0.008 0.009 0.01  0.011 0.012 0.013 0.014 0.015 0.016 0.017 0.018 0.019 0.02 ]
update_step_size: [ 0.25  1.3   2.35  3.4   4.45  5.5   6.55  7.6   8.65  9.7  10.75 11.8 12.85 13.9  14.95 16.  ]


exponential reward:

[-1.31239683 -1.28146456 -1.31112347 -1.28522027 -1.29170716 -1.3231918 -1.32016586 -1.30669726 -1.30629014 -1.29128982 -1.31495827 -1.31585398 -1.29949417 -1.34372857 -1.29159223 -1.31869056;
 -1.31207448 -1.30954531 -1.27400485 -1.2833511  -1.31986197 -1.30311645 -1.32941105 -1.28813159 -1.30775058 -1.29886204 -1.29566931 -1.29322957 -1.29971673 -1.32542069 -1.27126566 -1.30813247;
 -1.30029022 -1.33421417 -1.2700971  -1.30925565 -1.29121253 -1.27403239 -1.29918259 -1.25312527 -1.30695284 -1.28564066 -1.32118888 -1.27867509 -1.27329029 -1.28338474 -1.3232223  -1.29860977;
 -1.32321649 -1.26191803 -1.34222457 -1.3003968  -1.32251429 -1.27784493 -1.31303183 -1.34992082 -1.31498855 -1.28299608 -1.27347031 -1.30567933 -1.28520073 -1.30528435 -1.3421546  -1.31356965;
 -1.29943523 -1.34502131 -1.32121184 -1.30718893 -1.3538947  -1.3555862  -1.32425566 -1.26492158 -1.33190121 -1.3430735  -1.31573799 -1.31390657 -1.2917461  -1.31803433 -1.31009664 -1.29716352;
 -1.32546129 -1.32529101 -1.33687472 -1.32351605 -1.29873259 -1.32985476 -1.32162783 -1.28914891 -1.35684478 -1.34895878 -1.31573896 -1.31816797 -1.40036688 -1.31137164 -1.30595378 -1.30395858;
 -1.31408371 -1.32513425 -1.27166457 -1.32154493 -1.35606352 -1.33761746 -1.42703306 -1.3543249  -1.3338662  -1.31708802 -1.2922777  -1.33246973 -1.34099812 -1.3037303  -1.38340505 -1.30648374;
-1.3505988  -1.3480705  -1.2970444  -1.33600821 -1.33712595 -1.31546069 -1.31737691 -1.36416518 -1.35872519 -1.31006755 -1.34918434 -1.38235215 -1.33722998 -1.32630437 -1.34068996 -1.29740119;
 -1.32011473 -1.40883864 -1.31617954 -1.2912906  -1.31567018 -1.32576454 -1.31169734 -1.291899   -1.36359789 -1.32733447 -1.33094384 -1.33003624 -1.31324247 -1.35027703 -1.28575987 -1.38195883;
 -1.35095326 -1.3003732  -1.39134523 -1.29561429 -1.36744723 -1.34621595 -1.35694034 -1.34840323 -1.30278806 -1.33314993 -1.3106495  -1.35147361 -1.34461095 -1.33712764 -1.34339048 -1.36354897;
 -1.34360949 -1.34242883 -1.36036061 -1.35515717 -1.38001203 -1.28772263 -1.2976067  -1.39154039 -1.31344172 -1.36854283 -1.38521832 -1.31004078 -1.35851552 -1.34012096 -1.37360574 -1.37448139;
 -1.33697565 -1.33924333 -1.38201118 -1.39772747 -1.26067817 -1.3161429 -1.34238058 -1.31341755 -1.35168946 -1.33445102 -1.28854097 -1.33141688 -1.33052393 -1.38208748 -1.32253536 -1.36742904;
 -1.31203861 -1.31231512 -1.31553676 -1.38376068 -1.32211976 -1.30671427 -1.32031513 -1.30229942 -1.33983059 -1.30734643 -1.33598544 -1.32352259 -1.39506154 -1.34471356 -1.38323029 -1.31653354;
 -1.295972   -1.30859792 -1.23418644 -1.31977724 -1.34622701 -1.34492984 -1.37142728 -1.31675013 -1.4178289  -1.2960478  -1.30215364 -1.31462644 -1.31028694 -1.33085806 -1.37785539 -1.30504062;
 -1.31385776 -1.31820112 -1.34746451 -1.36126477 -1.33178762 -1.36730225 -1.31004158 -1.33661128 -1.2920777  -1.31795348 -1.35566268 -1.29206284 -1.3007999  -1.32546522 -1.30160769 -1.31649894;
 -1.3174749  -1.34543101 -1.35868563 -1.25778175 -1.3229488  -1.26957926 -1.27625186 -1.28288553 -1.21499645 -1.33271632 -1.2412612  -1.3509292 -1.28598017 -1.28705959 -1.28061184 -1.33156015]



20000 runs sarsa

tilings 32

epislon_range: 2^-11, 2^-3
update_step_size_range: 2**-8, 2**4

avg_reward_step_size: 2^-10

epsilon: [0.00048828 0.01432292 0.02815755 0.04199219 0.05582682 0.06966146 0.08349609 0.09733073 0.11116536 0.125     ]
update step size [3.90625000e-03 1.23437500e+00 2.46484375e+00 3.69531250e+00 4.92578125e+00 6.15625000e+00 7.38671875e+00 8.61718750e+00 9.84765625e+00 1.10781250e+01 1.23085938e+01 1.35390625e+01 1.47695312e+01 1.60000000e+01]

exponential reward: 

[-1.34427562 -1.38510967 -1.3761857  -1.38385516 -1.30641012 -1.33392501  -1.4002125  -1.38757319 -1.36641957 -1.3366134  -1.34293473 -1.3107137  -1.32663203 -1.32138863;
 -1.35245818 -1.32178984 -1.29837974 -1.32259166 -1.33917593 -1.33916003  -1.30816706 -1.36890249 -1.32145159 -1.32731426 -1.31104818 -1.33731018  -1.3210147  -1.3430615 ;
 -1.27409263 -1.33547383 -1.33418998 -1.27021003 -1.29822491 -1.31969669  -1.29991006 -1.34464525 -1.31238407 -1.33337949 -1.31531947 -1.30627124  -1.32174929 -1.28117358;
 -1.2710394  -1.30536849 -1.29695639 -1.2828165  -1.29813871 -1.31475359  -1.28158682 -1.26975525 -1.30704395 -1.31594234 -1.31873197 -1.33592045  -1.29692999 -1.3198237 ;
 -1.31316398 -1.27279897 -1.32831442 -1.31554949 -1.30823113 -1.29150009  -1.28868475 -1.33775695 -1.30812028 -1.3331613  -1.30735394 -1.30979665  -1.30270119 -1.29166917;
 -1.27085203 -1.28281996 -1.2776983  -1.2619015  -1.32369224 -1.28635867  -1.29056372 -1.30356686 -1.28218643 -1.27297568 -1.28866532 -1.28061409  -1.27637319 -1.28764174;
 -1.25170675 -1.27253634 -1.29061567 -1.27105884 -1.25089993 -1.26409091  -1.27455061 -1.29538027 -1.23453545 -1.30996329 -1.29526293 -1.28762278  -1.30380077 -1.2877203 ;
 -1.28803926 -1.3071821  -1.28488763 -1.27438507 -1.26271605 -1.26629804  -1.26089889 -1.27490895 -1.28101048 -1.26524422 -1.2332474  -1.25882909  -1.298174   -1.22994212;
 -1.27098972 -1.29958572 -1.26256982 -1.30801061 -1.32063526 -1.26205649  -1.25388254 -1.28153763 -1.23243127 -1.28361096 -1.2515001  -1.27976378  -1.24624009 -1.27172199;
 -1.26463358 -1.24762514 -1.29556549 -1.26027411 -1.2627162  -1.24448724  -1.27325477 -1.27761773 -1.24358214 -1.25972074 -1.25596177 -1.22802661  -1.25225614 -1.27515767]




20000 runs sarsa

tilings 32

epislon_range: 2^-11, 2^-3
update_step_size_range: 2**-8, 2**4

avg_reward_step_size: 2^-8

epsilon: [0.00048828 0.01432292 0.02815755 0.04199219 0.05582682 0.06966146 0.08349609 0.09733073 0.11116536 0.125     ]
update step size [3.90625000e-03 1.23437500e+00 2.46484375e+00 3.69531250e+00 4.92578125e+00 6.15625000e+00 7.38671875e+00 8.61718750e+00 9.84765625e+00 1.10781250e+01 1.23085938e+01 1.35390625e+01 1.47695312e+01 1.60000000e+01]


exponential reward: 

[-1.42316718 -1.46939711 -1.44939058 -1.42164596 -1.40729466 -1.4460896  -1.45524038 -1.44179097 -1.45274147 -1.4277319  -1.45930076 -1.44658942  -1.45264668 -1.45189584;
 -1.22322916 -1.18326838 -1.22847711 -1.250266   -1.2578938  -1.2141935  -1.19897653 -1.24020029 -1.19609093 -1.21335542 -1.2512218  -1.25372585  -1.24980117 -1.21957562;
 -1.18232569 -1.21225993 -1.18868524 -1.21755962 -1.20993172 -1.1813881  -1.23587772 -1.21828946 -1.21407726 -1.17540029 -1.20424197 -1.15748511  -1.19532191 -1.17460607;
 -1.15970022 -1.17824548 -1.11743613 -1.22680155 -1.18123461 -1.16852209  -1.16905989 -1.18372801 -1.14753001 -1.17944605 -1.17066363 -1.20033258  -1.19775217 -1.16524929;
 -1.14342569 -1.14544248 -1.18875891 -1.1487723  -1.15151365 -1.14237043  -1.11756991 -1.20774323 -1.14860442 -1.16773947 -1.09855126 -1.12085583  -1.15421626 -1.1536237 ;
 -1.12296494 -1.10389638 -1.15036837 -1.12188901 -1.09000237 -1.15029119  -1.14931711 -1.13793916 -1.09418026 -1.16215036 -1.16226964 -1.0388225  -1.17423924 -1.15307753;
 -1.10137997 -1.10823514 -1.15573983 -1.13895139 -1.08593539 -1.17572248  -1.12371039 -1.16182872 -1.11299657 -1.21855223 -1.09966772 -1.10493611  -1.1114331  -1.13742049;
 -1.11587818 -1.04794647 -1.1093084  -1.12994348 -1.14636703 -1.12997825  -1.04861818 -1.12967747 -1.1123964  -1.12209471 -1.07454208 -1.14002237  -1.0676406  -1.09770703;
 -1.11365464 -1.15572255 -1.08555674 -1.11409895 -1.09359078 -1.07844605  -1.10291634 -1.13204775 -1.09558692 -1.08792967 -1.10481797 -1.1198895  -1.0991662  -1.13457305;
 -1.09343309 -1.14634177 -1.12273674 -1.09973923 -1.1069846  -1.11085357  -1.13376418 -1.11142298 -1.14740978 -1.09876339 -1.17020345 -1.10005044  -1.13644451 -1.13419263]


20000 runs sarsa

tilings 32

epislon_range: 2^-11, 2^-3
update_step_size_range: 2**-8, 2**4

avg_reward_step_size: 2^-7

epsilon: [0.00048828 0.01432292 0.02815755 0.04199219 0.05582682 0.06966146 0.08349609 0.09733073 0.11116536 0.125     ]
update step size [3.90625000e-03 1.23437500e+00 2.46484375e+00 3.69531250e+00 4.92578125e+00 6.15625000e+00 7.38671875e+00 8.61718750e+00 9.84765625e+00 1.10781250e+01 1.23085938e+01 1.35390625e+01 1.47695312e+01 1.60000000e+01]


exponential reward: 

[-1.59367992 -1.50713187 -1.50455641 -1.48789198 -1.58231802 -1.55440096  -1.61378346 -1.559836   -1.50832365 -1.56548574 -1.50593657 -1.51621479  -1.56407239 -1.57068688;
 -1.20177816 -1.22522395 -1.28188732 -1.26436692 -1.24339043 -1.3217288   -1.17910879 -1.25358449 -1.31887038 -1.29050749 -1.21518018 -1.21137018  -1.25989142 -1.27317466;
 -1.24500783 -1.18857724 -1.20209833 -1.19775011 -1.16330283 -1.24325547  -1.16744935 -1.17406902 -1.20095381 -1.26292588 -1.1916529  -1.26360261  -1.19435912 -1.24412711;
 -1.20179475 -1.16688445 -1.19210031 -1.21848713 -1.16372319 -1.13981619  -1.16806209 -1.14601916 -1.13791007 -1.15388716 -1.1490521  -1.1775161  -1.22357894 -1.15342832;
 -1.13963184 -1.14326173 -1.1211929  -1.16779654 -1.11001457 -1.14264595  -1.09429699 -1.1305307  -1.0589056  -1.10458415 -1.0889491  -1.11524846 -1.10276375 -1.16271028;
 -1.04334842 -1.1342432  -1.18367947 -1.10077828 -1.12891799 -1.06363053  -1.00800647 -1.14499886 -1.1081431  -1.15559152 -1.21182457 -1.14514226  -1.14239726 -1.16606008;
 -1.11887023 -1.14617631 -1.15350333 -1.14104354 -1.10004606 -1.15952934  -1.12161376 -1.18242087 -1.15189138 -1.14743241 -1.17833213 -1.12110309  -1.07382556 -1.19056654;
 -1.11586052 -1.17302354 -1.20550664 -1.21580942 -1.06663671 -1.17311365  -1.13700057 -1.18706997 -1.17956295 -1.13932122 -1.20836646 -1.16880491  -1.20126964 -1.14699815;
 -1.21272814 -1.15048338 -1.1726804  -1.16813557 -1.16704135 -1.13064803 -1.21852329 -1.20075053 -1.1551462  -1.18374947 -1.18674546 -1.20704639  -1.15141192 -1.13333617;
 -1.21627745 -1.29341343 -1.17994761 -1.22707392 -1.20897993 -1.15346829  -1.20916721 -1.23049307 -1.28440445 -1.08342219 -1.29190653 -1.17022882  -1.2226767  -1.19010517]


20000 runs sarsa

tilings 32

epislon_range: 2^-11, 2^-3
update_step_size_range: 2**-8, 2**4

avg_reward_step_size: 2^-6

epsilon: [0.00048828 0.01432292 0.02815755 0.04199219 0.05582682 0.06966146 0.08349609 0.09733073 0.11116536 0.125     ]
update step size [3.90625000e-03 1.23437500e+00 2.46484375e+00 3.69531250e+00 4.92578125e+00 6.15625000e+00 7.38671875e+00 8.61718750e+00 9.84765625e+00 1.10781250e+01 1.23085938e+01 1.35390625e+01 1.47695312e+01 1.60000000e+01]


exponential reward: 

[-1.60857145 -1.67163942 -1.70066425 -1.6241108  -1.56739487 -1.71291174  -1.59580863 -1.65062049 -1.6462671  -1.71214043 -1.59217484 -1.6361827  -1.64904803 -1.55486362;
 -1.28572234 -1.39660171 -1.29345801 -1.30657619 -1.30620441 -1.41074028  -1.32013537 -1.36889403 -1.35628748 -1.27858663 -1.29861639 -1.35183497  -1.26235235 -1.24258631;
 -1.25606476 -1.22700666 -1.32576372 -1.20908968 -1.33631631 -1.2009609  -1.280979   -1.29820987 -1.23273489 -1.27733646 -1.35240128 -1.2723715  -1.25235193 -1.27751328;
 -1.18719326 -1.20887213 -1.18927136 -1.17553444 -1.12647216 -1.20594492 -1.25757254 -1.30128761 -1.23631266 -1.18020539 -1.24971977 -1.30094422 -1.17152283 -1.2486595 ;
 -1.20859939 -1.16798944 -1.25007641 -1.15166957 -1.26957559 -1.12520892  -1.3065059  -1.21464642 -1.19699936 -1.25935308 -1.23555567 -1.18671382  -1.14728048 -1.21332548;
 -1.22923601 -1.21278981 -1.24698975 -1.24421589 -1.33815592 -1.30158457  -1.28155198 -1.32494245 -1.21427438 -1.27117678 -1.25588467 -1.29045732  -1.22151333 -1.38746753;
 -1.37390995 -1.33237519 -1.28857526 -1.2450669  -1.26984362 -1.33962725  -1.29867803 -1.34321022 -1.29929788 -1.28283753 -1.22322119 -1.20388112  -1.32401458 -1.41511977;
 -1.35545118 -1.36081566 -1.32888698 -1.35892101 -1.40018759 -1.38774832  -1.43606241 -1.3823918  -1.38689507 -1.39152422 -1.41692327 -1.3549262  -1.31650842 -1.38142944;
 -1.54898308 -1.33589017 -1.3656211  -1.48078954 -1.4622441  -1.48290115  -1.52427349 -1.39863744 -1.45955639 -1.39917182 -1.46829751 -1.38777621  -1.51047209 -1.47069251;
 -1.48126373 -1.5747198  -1.53411976 -1.43719541 -1.59828752 -1.50761142  -1.51491718 -1.47010008 -1.55330072 -1.48809049 -1.58517319 -1.54218551  -1.4868462  -1.5505453 ]




20000 runs sarsa

tilings 32

epislon_range: 2^-11, 2^-3
update_step_size_range: 2**-8, 2**4

avg_reward_step_size: 2^-5

epsilon: [0.00048828 0.01432292 0.02815755 0.04199219 0.05582682 0.06966146 0.08349609 0.09733073 0.11116536 0.125     ]
update step size [3.90625000e-03 1.23437500e+00 2.46484375e+00 3.69531250e+00 4.92578125e+00 6.15625000e+00 7.38671875e+00 8.61718750e+00 9.84765625e+00 1.10781250e+01 1.23085938e+01 1.35390625e+01 1.47695312e+01 1.60000000e+01]

exponential reward: 

[-1.43419399 -1.41538227 -1.44726935 -1.44591076 -1.42462025 -1.43507529  -1.49308284 -1.492372   -1.46147757 -1.43504268 -1.38862703 -1.49811848  -1.41213097 -1.40718059;
 -1.36604381 -1.29917185 -1.25850234 -1.34823619 -1.31781669 -1.31926271  -1.30291531 -1.29326208 -1.36177243 -1.29330012 -1.29394215 -1.31937035  -1.34056824 -1.29682695;
 -1.30242459 -1.21598354 -1.18350647 -1.16939207 -1.21692696 -1.26536627  -1.19580209 -1.19799122 -1.23852815 -1.20618768 -1.20035265 -1.1946894  -1.30261323 -1.250378  ;
 -1.19302098 -1.18835988 -1.20029233 -1.09941952 -1.08392273 -1.07824084  -1.21491967 -1.24964786 -1.16992776 -1.20711205 -1.08008558 -1.22161965  -1.21029636 -1.05112874;
 -1.09057374 -1.01459712 -1.13376565 -1.20799301 -1.15909834 -1.13607502  -1.26350005 -1.13295344 -1.2132762  -1.17683397 -1.09821903 -1.18608727  -1.12871639 -1.12224283;
 -1.22059794 -1.20882875 -1.34875054 -1.17623104 -1.17063975 -1.24430742 -1.3131318  -1.21913531 -1.23726406 -1.35892785 -1.18220746 -1.25315787  -1.34074238 -1.16475123;
 -1.29244517 -1.33856625 -1.2708996  -1.45798863 -1.2065723  -1.23896925 -1.34576254 -1.28705139 -1.48564818 -1.32179765 -1.38218527 -1.21925076  -1.33908031 -1.39186018;
 -1.42028755 -1.56136228 -1.46029484 -1.39237152 -1.37445311 -1.46009919  -1.4244251  -1.46036758 -1.46148859 -1.39330097 -1.36963801 -1.41300709  -1.38031659 -1.43839218;
 -1.50742864 -1.60091367 -1.59619232 -1.54585974 -1.53830456 -1.54729402  -1.41053335 -1.55407284 -1.52891869 -1.49037763 -1.56034998 -1.57908995  -1.53054737 -1.49076575;
 -1.7099572  -1.58216493 -1.65331136 -1.62758636 -1.54587437 -1.59202195  -1.69068489 -1.6119338  -1.67353226 -1.69407447 -1.61148186 -1.66912658  -1.55125673 -1.6301702 ]


20000 runs sarsa

tilings 32

epislon_range: 2^-11, 2^-3
update_step_size_range: 2**-8, 2**4

avg_reward_step_size: 2^-4

epsilon: [0.00048828 0.01432292 0.02815755 0.04199219 0.05582682 0.06966146 0.08349609 0.09733073 0.11116536 0.125     ]
update step size [3.90625000e-03 1.23437500e+00 2.46484375e+00 3.69531250e+00 4.92578125e+00 6.15625000e+00 7.38671875e+00 8.61718750e+00 9.84765625e+00 1.10781250e+01 1.23085938e+01 1.35390625e+01 1.47695312e+01 1.60000000e+01]

exponential reward: 

[-1.45626675 -1.42600187 -1.43585702 -1.41774006 -1.41880334 -1.41927276  -1.42957384 -1.41756392 -1.40191664 -1.41769324 -1.40893301 -1.42153555  -1.41689247 -1.42083154;
 -1.32285072 -1.30593688 -1.33562154 -1.32111926 -1.32745142 -1.33485145  -1.32836063 -1.27942207 -1.34935393 -1.35003741 -1.33178728 -1.35158401  -1.33902463 -1.36235862;
 -1.30347712 -1.25311001 -1.27409433 -1.23679323 -1.26459673 -1.31250022  -1.2275856  -1.27520142 -1.2681755  -1.28927577 -1.32635804 -1.26089149  -1.30004584 -1.25262819;
 -1.27230791 -1.16406617 -1.13836505 -1.1891519  -1.22887056 -1.16176823  -1.2163724  -1.22009623 -1.15488128 -1.12885407 -1.22015773 -1.13455374  -1.21097012 -1.23163043;
 -1.21875422 -1.2038826  -1.17159467 -1.22854444 -1.20897956 -1.21192977  -1.27477353 -1.17069805 -1.129775   -1.16956833 -1.20546164 -1.18487894  -1.21496151 -1.17064677;
 -1.42340829 -1.27317679 -1.34809702 -1.23116187 -1.35614477 -1.34932282  -1.21946839 -1.21347934 -1.33085147 -1.3925169  -1.22770018 -1.33005545  -1.18931332 -1.3433026 ;
 -1.39913033 -1.35478921 -1.38207089 -1.37508849 -1.36371356 -1.40968529  -1.37846    -1.38431981 -1.30560479 -1.36602164 -1.37703818 -1.461169  -1.45257293 -1.36372041;
 -1.57706369 -1.48196674 -1.47330237 -1.47977059 -1.42122633 -1.44445265  -1.54563342 -1.53274974 -1.46182777 -1.45839453 -1.51174937 -1.44524397  -1.52777093 -1.52341979;
 -1.53902251 -1.55960888 -1.58759827 -1.54644165 -1.68919873 -1.5259749  -1.55124841 -1.63302115 -1.65323729 -1.58827594 -1.65762975 -1.56042441  -1.54433851 -1.53753161;
 -1.64954868 -1.66051608 -1.72779709 -1.65353272 -1.64218006 -1.63339296  -1.70847217 -1.72579924 -1.64431126 -1.7067953  -1.63864694 -1.77246655  -1.65684823 -1.6289461 ]


20000 runs sarsa

tilings 32

epislon_range: 2^-11, 2^-3
update_step_size_range: 2**-8, 2**4

avg_reward_step_size: 2^-3

epsilon: [0.00048828 0.01432292 0.02815755 0.04199219 0.05582682 0.06966146 0.08349609 0.09733073 0.11116536 0.125     ]
update step size [3.90625000e-03 1.23437500e+00 2.46484375e+00 3.69531250e+00 4.92578125e+00 6.15625000e+00 7.38671875e+00 8.61718750e+00 9.84765625e+00 1.10781250e+01 1.23085938e+01 1.35390625e+01 1.47695312e+01 1.60000000e+01]

exponential reward: 

[-1.53882723 -1.56711816 -1.52193064 -1.53927222 -1.52568893 -1.54526629  -1.54746719 -1.59960681 -1.51511818 -1.55122048 -1.56780208 -1.55308849  -1.52776477 -1.53572211;
 -1.32932031 -1.34613823 -1.32494158 -1.29382274 -1.30907352 -1.31656473  -1.3413136  -1.33031504 -1.31795926 -1.31782387 -1.32617677 -1.27689328  -1.30642295 -1.31899282;
 -1.33227619 -1.30676472 -1.349909   -1.33497456 -1.33382526 -1.2705853  -1.30520107 -1.35013733 -1.35857587 -1.34022008 -1.3192563  -1.33956798  -1.34625612 -1.32476175;
 -1.3126386  -1.30034997 -1.36637574 -1.28701129 -1.29612865 -1.29593656  -1.2998597  -1.29567967 -1.31192692 -1.31816196 -1.317001   -1.31384849  -1.33180011 -1.30936384;
 -1.33169919 -1.36874037 -1.33348996 -1.39706657 -1.3343986  -1.34466569  -1.32341842 -1.32104533 -1.38176619 -1.27929954 -1.32101809 -1.31812045 -1.32434327 -1.36482484;
 -1.34490135 -1.42963752 -1.38269198 -1.37749378 -1.33633594 -1.36889515  -1.36096492 -1.45153998 -1.37928561 -1.38719082 -1.39751839 -1.4017172  -1.46644787 -1.34330039;
 -1.48532901 -1.54596467 -1.47598998 -1.44331968 -1.44501168 -1.46372635  -1.48355852 -1.47634667 -1.48962082 -1.44096707 -1.39210158 -1.46702636  -1.48497147 -1.39328381;
 -1.51456776 -1.49807401 -1.54194999 -1.57875902 -1.52267617 -1.51293404  -1.61431686 -1.54698498 -1.5263389  -1.5313768  -1.44401209 -1.57439491  -1.57938216 -1.60097491;
 -1.6359457  -1.71309836 -1.68286105 -1.58710913 -1.64765502 -1.59608947  -1.5484828  -1.59932927 -1.60825645 -1.58919958 -1.58664557 -1.65706036  -1.6532996  -1.58195712;
 -1.70964826 -1.65188508 -1.66941164 -1.61864881 -1.7561199  -1.75484853 -1.63479147 -1.64819749 -1.7020895  -1.68705266 -1.70324859 -1.59124327 -1.65989288 -1.5524592 ]



20000 runs sarsa

tilings 32

epislon_range: 2^-11, 2^-3
update_step_size_range: 2**-8, 2**4

avg_reward_step_size: 2^-2

epsilon: [0.00048828 0.01432292 0.02815755 0.04199219 0.05582682 0.06966146 0.08349609 0.09733073 0.11116536 0.125     ]
update step size [3.90625000e-03 1.23437500e+00 2.46484375e+00 3.69531250e+00 4.92578125e+00 6.15625000e+00 7.38671875e+00 8.61718750e+00 9.84765625e+00 1.10781250e+01 1.23085938e+01 1.35390625e+01 1.47695312e+01 1.60000000e+01]

exponential reward: 

[-1.86416882 -1.83243529 -1.86790827 -1.88815424 -1.83154003 -1.89077178  -1.91471288 -1.8713771  -1.91065471 -1.82258131 -1.88234369 -1.88033718  -1.81051644 -1.87042609;
 -1.40309757 -1.3891331  -1.42641866 -1.40278844 -1.39410485 -1.41373107  -1.39607417 -1.38350892 -1.45570309 -1.38526504 -1.41367411 -1.39004256  -1.39577318 -1.3799984 ;
 -1.3596139  -1.33423116 -1.35207298 -1.3289285  -1.38226524 -1.35005309  -1.36504733 -1.35445279 -1.41878574 -1.35238006 -1.35961385 -1.36472528  -1.34418132 -1.36463302;
 -1.43112619 -1.37681325 -1.3551032  -1.40764761 -1.34669319 -1.33386516  -1.35382627 -1.38983758 -1.37699649 -1.36967797 -1.37803215 -1.38219711  -1.33670732 -1.36004625;
 -1.39721255 -1.38920007 -1.38538718 -1.38993349 -1.4133843  -1.4054219  -1.40766416 -1.3532021  -1.45561242 -1.39924158 -1.43746293 -1.38365954  -1.42744736 -1.39111056;
 -1.44264663 -1.44780669 -1.42875111 -1.44765749 -1.39554241 -1.43432814  -1.44041114 -1.43686748 -1.44071077 -1.39383048 -1.41557688 -1.36229619  -1.43797717 -1.41008152;
 -1.4040689  -1.37140175 -1.46910172 -1.44285143 -1.47837692 -1.48428218  -1.44383568 -1.39888184 -1.47256412 -1.41579382 -1.42273476 -1.39667573  -1.49144783 -1.3805607 ;
 -1.43610155 -1.4597435  -1.46096408 -1.46853934 -1.45826426 -1.52659053  -1.48340456 -1.47227565 -1.51503373 -1.49188029 -1.45097607 -1.42760782  -1.50001007 -1.44969178;
 -1.47678523 -1.49337704 -1.46071724 -1.48891829 -1.50606698 -1.48299428  -1.4890443  -1.52407848 -1.52212423 -1.54636625 -1.45428888 -1.44013741  -1.4589228  -1.58477351;
 -1.53451988 -1.54761719 -1.51548495 -1.56319661 -1.48553419 -1.53263562  -1.5023163  -1.57804686 -1.556685   -1.53847644 -1.52955185 -1.49626321  -1.51679321 -1.51565024]




20000 runs policy gradient

tilings 32

epislon_range: 2^-11, 2^-3
update_step_size_range: 2**-8, 2**4

avg_reward_step_size: 2^-2

epsilon: [0.00048828 0.01432292 0.02815755 0.04199219 0.05582682 0.06966146 0.08349609 0.09733073 0.11116536 0.125     ]
update step size [3.90625000e-03 1.23437500e+00 2.46484375e+00 3.69531250e+00 4.92578125e+00 6.15625000e+00 7.38671875e+00 8.61718750e+00 9.84765625e+00 1.10781250e+01 1.23085938e+01 1.35390625e+01 1.47695312e+01 1.60000000e+01]

exponential reward: 

