20000 runs sarsa lambda

tilings 32

lambda: 0.9

avg_reward_step_size: 2^-6
epsilon: [0.001, 0.019, 0.036, 0.054, 0.072, 0.09, 0.107, 0.125]
update_step_size: [0.0, 0.091, 0.182, 0.273, 0.364, 0.455, 0.546, 0.637, 0.727, 0.818, 0.909, 1.0]

exp_reward: 
[-2.64610388 -2.01786673 -1.79124895 -1.71714499 -1.68000879 -1.65718759  -1.61805851 -1.51165707 -1.56222303 -1.41901253 -1.38541653 -1.31277436;
 -2.71926968 -1.97682296 -1.68650165 -1.48281477 -1.28486812 -1.29863239  -1.27524445 -1.23394166 -1.20442154 -1.24165992 -1.19699312 -1.14547263;
 -2.79391466 -1.94839036 -1.56809092 -1.29009387 -1.34241486 -1.25564927  -1.3388795  -1.27027098 -1.19322406 -1.21801934 -1.17010817 -1.18836722;
 -2.82824747 -1.94710178 -1.45903474 -1.26347504 -1.25740131 -1.16125366  -1.20511698 -1.15434173 -1.26909686 -1.24408591 -1.2403835  -1.21024655;
 -2.71919757 -1.92493444 -1.46385854 -1.27845985 -1.33255444 -1.24268654  -1.37841524 -1.26784049 -1.28543862 -1.22437154 -1.19796969 -1.20360612;
 -2.72356908 -1.9082346  -1.3544167  -1.33239064 -1.39153167 -1.27547241  -1.39632896 -1.32116546 -1.33690935 -1.34916843 -1.20718851 -1.2722703 ;
 -2.70682334 -1.89432149 -1.32260561 -1.38047914 -1.31980659 -1.41724935  -1.43475918 -1.37316662 -1.3693249  -1.2727699  -1.29079233 -1.22076423;
 -2.70147556 -1.88900076 -1.3351688  -1.39375522 -1.48494657 -1.50301515  -1.51981166 -1.42150967 -1.40307533 -1.37108846 -1.33011902 -1.25744565]


20000 runs sarsa lambda

tilings 32

lambda: 0.8

avg_reward_step_size: 2^-6
epsilon: [0.001, 0.019, 0.036, 0.054, 0.072, 0.09, 0.107, 0.125]
update_step_size: [0.0, 0.091, 0.182, 0.273, 0.364, 0.455, 0.546, 0.637, 0.727, 0.818, 0.909, 1.0]

exp_reward: 

[-2.64393781 -2.00632612 -1.83443123 -1.77853702 -1.62580167 -1.74783827  -1.75925018 -1.49119021 -1.56267917 -1.54969727 -1.44131882 -1.36223601;
 -2.67679879 -1.97917042 -1.6747374  -1.49171542 -1.31187076 -1.29417809  -1.30488697 -1.32038433 -1.29611984 -1.20614758 -1.23146352 -1.19485781;
 -2.69831962 -1.94355702 -1.61383889 -1.33407946 -1.28562508 -1.29923464  -1.21933883 -1.14753001 -1.20041541 -1.16578143 -1.18006766 -1.17642262;
 -2.73694339 -1.94044688 -1.48068304 -1.23530248 -1.23946421 -1.19518686  -1.2738833  -1.20925479 -1.22997563 -1.21856677 -1.22179922 -1.21223006;
 -2.83582973 -1.91619968 -1.3504091  -1.27437045 -1.31639993 -1.27806829  -1.26464121 -1.25601671 -1.26669403 -1.24418608 -1.20410922 -1.25391382;
 -2.60619569 -1.90182956 -1.37756171 -1.34669469 -1.35826035 -1.34285983  -1.38865925 -1.30959179 -1.26725566 -1.25821574 -1.23334872 -1.19611525;
 -2.53073606 -1.90434251 -1.35677388 -1.39563348 -1.35776943 -1.45217234  -1.45890592 -1.36359346 -1.43390809 -1.29709348 -1.25418212 -1.19104908;
 -2.51185972 -1.88016823 -1.40557057 -1.37296447 -1.45483473 -1.4404128  -1.50737765 -1.46467378 -1.3724069  -1.35179977 -1.2853041  -1.25876644]


20000 runs sarsa lambda

tilings 32

lambda: 0.7

avg_reward_step_size: 2^-6
epsilon: [0.001, 0.019, 0.036, 0.054, 0.072, 0.09, 0.107, 0.125]
update_step_size: [0.0, 0.091, 0.182, 0.273, 0.364, 0.455, 0.546, 0.637, 0.727, 0.818, 0.909, 1.0]

exp_reward: 

[-2.53929586 -2.01217668 -1.81405829 -1.76471995 -1.55381637 -1.58617263  -1.54480939 -1.44113346 -1.48906375 -1.43985549 -1.36915619 -1.37565827;
 -2.73308911 -1.97689726 -1.67196539 -1.39366706 -1.30993399 -1.28082332  -1.34183089 -1.25045612 -1.21980151 -1.24677256 -1.24483961 -1.19271445;
 -2.7065058  -1.9506376  -1.62162534 -1.26690198 -1.32164843 -1.20679959  -1.26489497 -1.20137044 -1.17691763 -1.17661477 -1.22400532 -1.20107933;
 -2.66001443 -1.93335292 -1.44237312 -1.31858459 -1.3038099  -1.33043343  -1.18903535 -1.20163574 -1.23449488 -1.16468621 -1.20024245 -1.17732559;
 -2.74566615 -1.92100741 -1.42868861 -1.3955796  -1.2769344  -1.24264691  -1.31748314 -1.293681   -1.28823262 -1.2425617  -1.17977164 -1.20213368;
-2.62880051 -1.91842108 -1.37208837 -1.46753113 -1.28281361 -1.33202238  -1.32332459 -1.40519378 -1.33401766 -1.29500322 -1.21088221 -1.24938915;
 -2.52189703 -1.89188347 -1.34285875 -1.34339649 -1.32139148 -1.39184559  -1.46017789 -1.38070088 -1.30039447 -1.32490586 -1.29677093 -1.24460317;
 -2.52680632 -1.89033525 -1.34101226 -1.47641154 -1.44794289 -1.50451261  -1.43888969 -1.50199289 -1.32997705 -1.39995389 -1.23511697 -1.2268747 ]


20000 runs sarsa lambda

tilings 32

lambda: 0.6

avg_reward_step_size: 2^-6
epsilon: [0.001, 0.019, 0.036, 0.054, 0.072, 0.09, 0.107, 0.125]
update_step_size: [0.0, 0.091, 0.182, 0.273, 0.364, 0.455, 0.546, 0.637, 0.727, 0.818, 0.909, 1.0]

exp_reward: 

[-2.63422366 -2.01829724 -1.76410017 -1.74246854 -1.61208164 -1.65101397  -1.52310798 -1.53171261 -1.53365447 -1.45722913 -1.34734197 -1.32067225;
 -2.64171353 -1.97721314 -1.67562838 -1.51859432 -1.42719012 -1.36576897  -1.26854374 -1.19326021 -1.24549453 -1.1675556  -1.18593971 -1.1784372 ;
 -2.80277689 -1.95140052 -1.55429583 -1.32787795 -1.27429346 -1.19550692  -1.22195598 -1.13638868 -1.22217099 -1.20271142 -1.19509114 -1.13473219;
 -2.70725442 -1.92807955 -1.55388169 -1.20999085 -1.2693537  -1.21894058  -1.18976622 -1.21161808 -1.2224203  -1.28286498 -1.20468407 -1.20562   ;
 -2.76089274 -1.91243031 -1.41007843 -1.27877378 -1.23220917 -1.1725335  -1.29502779 -1.23157872 -1.28011183 -1.21789499 -1.24311635 -1.1695751 ;
 -2.69891516 -1.89636475 -1.41965976 -1.32225953 -1.2680081  -1.30634367  -1.34459431 -1.36470051 -1.3159376  -1.36010265 -1.22416495 -1.22135056;
 -2.73357041 -1.89575854 -1.28515452 -1.44498888 -1.30937524 -1.39438963  -1.40989914 -1.35477361 -1.35802745 -1.35403549 -1.23788898 -1.20328641;
 -2.64632542 -1.88618719 -1.36306636 -1.46652089 -1.43022568 -1.55395962  -1.50759394 -1.41311135 -1.44450777 -1.35885054 -1.26698898 -1.24797644]



100000 runs sarsa lambda

tilings 32

lambda: 0.9

avg_reward_step_size: 2^-6
epsilon: [0.001, 0.019, 0.036, 0.054, 0.072, 0.09, 0.107, 0.125]
update_step_size: [0.0, 0.091, 0.182, 0.273, 0.364, 0.455, 0.546, 0.637, 0.727, 0.818, 0.909, 1.0]

exp_reward:

[-2.648 -1.286 -1.237 -1.289 -1.073 -1.125 -0.997 -0.952 -0.995 -0.925  -1.094 -1.082;
 -2.702 -1.193 -0.407 -0.365 -0.435 -0.672 -0.73  -0.828 -1.063 -1.108  -1.125 -1.132;
 -2.849 -0.855 -0.323 -0.417 -0.428 -0.857 -0.854 -1.047 -1.044 -1.101  -1.085 -1.112;
 -2.8   -0.687 -0.339 -0.474 -0.658 -0.804 -0.867 -0.992 -1.041 -1.083  -1.123 -1.12 ;
 -2.788 -0.492 -0.376 -0.653 -0.638 -0.807 -0.91  -1.017 -1.057 -1.103  -1.107 -1.112;
 -2.689 -0.435 -0.408 -0.63  -0.916 -0.839 -0.969 -1.016 -1.046 -1.086  -1.108 -1.11 ;
 -2.654 -0.551 -0.446 -0.659 -0.794 -0.901 -0.922 -1.034 -1.03  -1.074 -1.082 -1.137;
 -2.566 -0.433 -0.673 -0.717 -0.915 -0.846 -0.942 -0.96  -1.091 -1.07  -1.08  -1.146]


100000 runs sarsa lambda

tilings 32

lambda: 0.8

avg_reward_step_size: 2^-6
epsilon: [0.001, 0.019, 0.036, 0.054, 0.072, 0.09, 0.107, 0.125]
update_step_size: [0.0, 0.091, 0.182, 0.273, 0.364, 0.455, 0.546, 0.637, 0.727, 0.818, 0.909, 1.0]

exp_reward:

[-2.621 -1.294 -1.327 -1.281 -1.146 -1.059 -0.996 -0.852 -0.922 -1.095  -1.087 -1.149;
 -2.668 -1.271 -0.337 -0.285 -0.458 -0.598 -0.776 -0.818 -1.024 -1.088  -1.111 -1.102;
 -2.855 -0.685 -0.321 -0.282 -0.527 -0.605 -0.84  -0.967 -1.073 -1.09  -1.112 -1.107;
 -2.825 -0.424 -0.238 -0.447 -0.634 -0.877 -1.021 -1.039 -1.061 -1.089  -1.093 -1.116;
 -2.804 -0.391 -0.384 -0.555 -0.781 -0.951 -0.921 -1.004 -1.041 -1.068  -1.089 -1.121;
 -2.671 -0.514 -0.505 -0.595 -0.769 -0.881 -1.08  -1.018 -1.105 -1.132  -1.11  -1.115;
 -2.818 -0.546 -0.525 -0.579 -0.793 -0.936 -0.971 -1.014 -1.054 -1.079  -1.112 -1.154;
 -2.655 -0.498 -0.685 -0.868 -0.94  -0.931 -1.007 -1.013 -1.078 -1.113  -1.118 -1.12 ]


100000 runs sarsa lambda

tilings 32

lambda: 0.7

avg_reward_step_size: 2^-6
epsilon: [0.001, 0.019, 0.036, 0.054, 0.072, 0.09, 0.107, 0.125]
update_step_size: [0.0, 0.091, 0.182, 0.273, 0.364, 0.455, 0.546, 0.637, 0.727, 0.818, 0.909, 1.0]


exp_reward:

[-2.666 -1.318 -1.306 -1.344 -0.932 -1.052 -0.864 -0.871 -0.977 -1.066  -1.145 -1.061;
 -2.855 -1.186 -0.301 -0.363 -0.382 -0.479 -0.718 -0.948 -1.029 -1.101  -1.169 -1.117;
 -2.684 -0.652 -0.254 -0.445 -0.566 -0.701 -0.81  -1.023 -1.071 -1.07  -1.129 -1.106;
 -2.922 -0.51  -0.344 -0.607 -0.778 -0.712 -0.948 -0.919 -1.049 -1.068  -1.095 -1.128;
 -2.762 -0.382 -0.332 -0.42  -0.728 -0.815 -0.906 -1.046 -1.056 -1.08  -1.115 -1.121;
 -2.674 -0.422 -0.467 -0.687 -0.812 -0.929 -1.009 -1.054 -1.041 -1.102  -1.096 -1.138;
 -2.651 -0.588 -0.438 -0.712 -0.755 -0.881 -0.982 -1.006 -1.046 -1.103  -1.092 -1.132;
 -2.593 -0.523 -0.508 -0.796 -0.897 -0.95  -0.989 -1.02  -1.062 -1.079  -1.106 -1.127]


100000 runs sarsa lambda

tilings 32

lambda: 0.6

avg_reward_step_size: 2^-6
epsilon: [0.001, 0.019, 0.036, 0.054, 0.072, 0.09, 0.107, 0.125]
update_step_size: [0.0, 0.091, 0.182, 0.273, 0.364, 0.455, 0.546, 0.637, 0.727, 0.818, 0.909, 1.0]


exp_reward:

[-2.644 -1.309 -1.288 -1.486 -1.074 -1.043 -0.843 -0.885 -0.972 -0.913  -1.075 -1.131;
 -2.764 -1.138 -0.472 -0.246 -0.335 -0.586 -0.777 -0.921 -1.102 -1.078  -1.103 -1.132;
 -2.78  -0.723 -0.267 -0.456 -0.607 -0.76  -0.793 -1.027 -1.121 -1.113  -1.102 -1.131;
 -2.74  -0.419 -0.213 -0.498 -0.756 -0.847 -0.93  -1.055 -1.045 -1.084  -1.123 -1.079;
 -2.682 -0.538 -0.367 -0.563 -0.681 -0.709 -0.926 -1.018 -1.083 -1.099  -1.099 -1.109;
 -2.693 -0.487 -0.341 -0.624 -0.804 -1.    -0.963 -0.977 -1.052 -1.105  -1.122 -1.121;
 -2.586 -0.523 -0.474 -0.721 -0.725 -0.826 -1.025 -1.043 -1.065 -1.08  -1.107 -1.139;
 -2.554 -0.497 -0.555 -0.798 -0.727 -0.942 -0.987 -1.034 -1.078 -1.079  -1.119 -1.141]

