new_data


20000 runs sarsa

tilings 32

avg_reward_step_size: 2^-8

epsilon: [0.001, 0.019, 0.036, 0.054, 0.072, 0.09, 0.107, 0.125]
update_step_size: [0.0, 0.091, 0.182, 0.273, 0.364, 0.455, 0.546, 0.637, 0.727, 0.818, 0.909, 1.0]

exp_reward: 

[-2.392 -2.124 -1.773 -1.575 -1.447 -1.501 -1.402 -1.446 -1.389 -1.347  -1.379 -1.312;
 -2.433 -2.056 -1.673 -1.449 -1.317 -1.196 -1.18  -1.156 -1.215 -1.152  -1.209 -1.19 ;
 -2.515 -2.027 -1.569 -1.289 -1.186 -1.184 -1.151 -1.156 -1.185 -1.161  -1.215 -1.183;
 -2.451 -1.992 -1.486 -1.247 -1.222 -1.156 -1.146 -1.168 -1.152 -1.178  -1.177 -1.156;
 -2.495 -2.013 -1.42  -1.196 -1.169 -1.14  -1.122 -1.169 -1.166 -1.174  -1.159 -1.147;
 -2.532 -1.98  -1.439 -1.216 -1.183 -1.196 -1.132 -1.124 -1.122 -1.138  -1.141 -1.146;
 -2.531 -1.978 -1.454 -1.244 -1.136 -1.163 -1.127 -1.105 -1.14  -1.141  -1.131 -1.125;
 -2.554 -1.952 -1.384 -1.207 -1.186 -1.063 -1.121 -1.127 -1.093 -1.111  -1.115 -1.141]


20000 runs sarsa

tilings 32

avg_reward_step_size: 2^-7

epsilon: [0.001, 0.019, 0.036, 0.054, 0.072, 0.09, 0.107, 0.125]
update_step_size: [0.0, 0.091, 0.182, 0.273, 0.364, 0.455, 0.546, 0.637, 0.727, 0.818, 0.909, 1.0]

exp_reward: 

[-2.961 -2.126 -1.821 -1.814 -1.6   -1.626 -1.49  -1.363 -1.369 -1.371  -1.338 -1.273;
 -2.749 -2.162 -1.777 -1.485 -1.333 -1.244 -1.22  -1.168 -1.177 -1.176  -1.159 -1.199;
 -2.937 -2.032 -1.695 -1.361 -1.279 -1.219 -1.108 -1.094 -1.123 -1.175  -1.135 -1.14 ;
 -2.815 -1.993 -1.59  -1.336 -1.303 -1.116 -1.137 -1.099 -1.123 -1.15  -1.133 -1.121;
 -2.809 -1.958 -1.647 -1.374 -1.242 -1.194 -1.164 -1.099 -1.123 -1.153  -1.126 -1.126;
 -3.026 -1.958 -1.572 -1.38  -1.208 -1.208 -1.25  -1.12  -1.113 -1.107  -1.127 -1.147;
 -2.79  -1.968 -1.545 -1.343 -1.256 -1.177 -1.175 -1.147 -1.15  -1.113  -1.132 -1.121;
 -2.748 -1.963 -1.53  -1.307 -1.283 -1.183 -1.199 -1.161 -1.14  -1.151  -1.139 -1.16 ]


20000 runs sarsa

tilings 32

avg_reward_step_size: 2^-6

epsilon: [0.001, 0.019, 0.036, 0.054, 0.072, 0.09, 0.107, 0.125]
update_step_size: [0.0, 0.091, 0.182, 0.273, 0.364, 0.455, 0.546, 0.637, 0.727, 0.818, 0.909, 1.0]

exp_reward: 
[-2.596 -2.005 -1.82  -1.713 -1.649 -1.67  -1.569 -1.527 -1.425 -1.374  -1.441 -1.437;
 -2.715 -1.992 -1.71  -1.443 -1.357 -1.375 -1.296 -1.24  -1.234 -1.21  -1.205 -1.159;
 -2.809 -1.958 -1.596 -1.315 -1.355 -1.252 -1.153 -1.197 -1.185 -1.229  -1.19  -1.212;
 -2.683 -1.93  -1.514 -1.246 -1.29  -1.19  -1.284 -1.242 -1.263 -1.237  -1.201 -1.18 ;
 -2.627 -1.921 -1.447 -1.297 -1.371 -1.207 -1.244 -1.294 -1.24  -1.26  -1.195 -1.205;
 -2.837 -1.903 -1.356 -1.339 -1.267 -1.365 -1.392 -1.289 -1.259 -1.201  -1.225 -1.171;
 -2.722 -1.892 -1.359 -1.39  -1.312 -1.467 -1.445 -1.396 -1.339 -1.264  -1.251 -1.204;
 -2.674 -1.904 -1.313 -1.359 -1.445 -1.498 -1.488 -1.427 -1.408 -1.329  -1.328 -1.262]


20000 runs sarsa

tilings 32

avg_reward_step_size: 2^-5

epsilon: [0.001, 0.019, 0.036, 0.054, 0.072, 0.09, 0.107, 0.125]
update_step_size: [0.0, 0.091, 0.182, 0.273, 0.364, 0.455, 0.546, 0.637, 0.727, 0.818, 0.909, 1.0]


exp_reward: 

[-2.605 -1.91  -1.834 -1.641 -1.438 -1.371 -1.419 -1.546 -1.587 -1.44  -1.33  -1.474;
 -2.658 -1.924 -1.694 -1.394 -1.278 -1.282 -1.291 -1.21  -1.3   -1.259  -1.263 -1.242;
 -2.579 -1.925 -1.65  -1.279 -1.353 -1.24  -1.141 -1.174 -1.232 -1.305  -1.226 -1.278;
 -2.472 -1.928 -1.592 -1.277 -1.336 -1.099 -1.147 -1.249 -1.337 -1.276  -1.319 -1.292;
 -2.47  -1.918 -1.534 -1.34  -1.24  -1.269 -1.323 -1.421 -1.57  -1.399  -1.346 -1.43 ;
 -2.531 -1.907 -1.473 -1.34  -1.277 -1.407 -1.379 -1.449 -1.598 -1.571  -1.455 -1.365;
 -2.481 -1.896 -1.438 -1.326 -1.338 -1.491 -1.489 -1.593 -1.548 -1.538  -1.42  -1.388;
 -2.546 -1.887 -1.392 -1.304 -1.33  -1.729 -1.607 -1.592 -1.684 -1.574  -1.444 -1.444]


20000 runs sarsa

tilings 32

avg_reward_step_size: 2^-4

epsilon: [0.001, 0.019, 0.036, 0.054, 0.072, 0.09, 0.107, 0.125]
update_step_size: [0.0, 0.091, 0.182, 0.273, 0.364, 0.455, 0.546, 0.637, 0.727, 0.818, 0.909, 1.0]


exp_reward: 
[-2.73  -1.902 -1.983 -1.833 -1.598 -1.429 -1.421 -1.36  -1.569 -1.333  -1.326 -1.276;
 -2.544 -1.9   -1.912 -1.599 -1.35  -1.352 -1.293 -1.177 -1.22  -1.121  -1.273 -1.249;
 -2.506 -1.911 -1.814 -1.385 -1.306 -1.237 -1.225 -1.195 -1.237 -1.274  -1.28  -1.346;
 -2.423 -1.918 -1.73  -1.306 -1.334 -1.209 -1.243 -1.227 -1.419 -1.363  -1.307 -1.42 ;
 -2.587 -1.926 -1.691 -1.327 -1.32  -1.311 -1.341 -1.274 -1.496 -1.496  -1.42  -1.421;
 -2.398 -1.914 -1.663 -1.305 -1.256 -1.346 -1.526 -1.471 -1.596 -1.517  -1.566 -1.459;
 -2.372 -1.903 -1.61  -1.366 -1.347 -1.481 -1.644 -1.647 -1.589 -1.619  -1.568 -1.51 ;
 -2.453 -1.901 -1.552 -1.431 -1.467 -1.598 -1.689 -1.677 -1.713 -1.679  -1.582 -1.506]


20000 runs sarsa

tilings 32

avg_reward_step_size: 2^-3

epsilon: [0.001, 0.019, 0.036, 0.054, 0.072, 0.09, 0.107, 0.125]
update_step_size: [0.0, 0.091, 0.182, 0.273, 0.364, 0.455, 0.546, 0.637, 0.727, 0.818, 0.909, 1.0]

exp_reward:

[-2.61  -2.011 -1.985 -1.982 -1.894 -1.568 -1.468 -1.378 -1.375 -1.353  -1.336 -1.333;
 -2.415 -1.93  -1.936 -1.779 -1.398 -1.302 -1.331 -1.31  -1.258 -1.226  -1.273 -1.316;
 -2.48  -1.951 -1.9   -1.593 -1.337 -1.279 -1.338 -1.291 -1.284 -1.342  -1.348 -1.324;
 -2.49  -1.967 -1.862 -1.481 -1.341 -1.354 -1.393 -1.345 -1.336 -1.373  -1.369 -1.406;
 -2.42  -1.937 -1.849 -1.382 -1.416 -1.408 -1.404 -1.45  -1.501 -1.463  -1.51  -1.398;
 -2.378 -1.957 -1.807 -1.38  -1.433 -1.434 -1.489 -1.534 -1.434 -1.505  -1.43  -1.457;
 -2.405 -1.936 -1.765 -1.404 -1.535 -1.597 -1.606 -1.649 -1.654 -1.62  -1.525 -1.425;
 -2.367 -1.912 -1.749 -1.506 -1.511 -1.679 -1.644 -1.656 -1.648 -1.566  -1.458 -1.473]


50000 runs sarsa

tilings 32

avg_reward_step_size: 2^-8

epsilon: [0.001, 0.019, 0.036, 0.054, 0.072, 0.09, 0.107, 0.125]
update_step_size: [0.0, 0.091, 0.182, 0.273, 0.364, 0.455, 0.546, 0.637, 0.727, 0.818, 0.909, 1.0]

exp_reward:

[-2.522 -1.91  -1.441 -1.418 -1.454 -1.359 -1.353 -1.252 -1.253 -1.191  -1.28  -1.243;
 -2.564 -1.653 -1.277 -0.863 -0.728 -0.799 -0.901 -1.064 -1.134 -1.086  -1.1   -1.153;
 -2.482 -1.515 -1.21  -0.695 -0.539 -0.711 -0.987 -1.049 -1.08  -1.089  -1.127 -1.124;
 -2.48  -1.323 -0.983 -0.62  -0.638 -0.885 -0.985 -1.036 -1.102 -1.118  -1.091 -1.104;
 -2.454 -1.208 -0.795 -0.655 -0.711 -0.936 -0.966 -1.058 -1.079 -1.083  -1.093 -1.117;
 -2.438 -1.336 -0.772 -0.53  -0.762 -0.973 -1.04  -1.044 -1.07  -1.111  -1.115 -1.099;
 -2.506 -1.241 -0.84  -0.754 -0.657 -0.919 -0.987 -1.004 -1.045 -1.072  -1.062 -1.112;
 -2.604 -1.366 -0.799 -0.634 -0.747 -0.915 -1.008 -1.052 -1.05  -1.079  -1.073 -1.115]


50000 runs sarsa

tilings 32

avg_reward_step_size: 2^-7

epsilon: [0.001, 0.019, 0.036, 0.054, 0.072, 0.09, 0.107, 0.125]
update_step_size: [0.0, 0.091, 0.182, 0.273, 0.364, 0.455, 0.546, 0.637, 0.727, 0.818, 0.909, 1.0]

exp_reward:

[-3.054 -1.908 -1.657 -1.513 -1.367 -1.365 -1.284 -1.256 -1.247 -1.169  -1.105 -1.159;
 -2.978 -1.685 -1.204 -0.831 -0.577 -0.527 -0.917 -1.013 -1.058 -1.103  -1.112 -1.096;
 -2.992 -1.459 -1.058 -0.699 -0.502 -0.709 -0.863 -1.06  -1.078 -1.074  -1.084 -1.087;
 -2.963 -1.274 -0.958 -0.601 -0.47  -0.775 -0.931 -1.028 -1.085 -1.104  -1.094 -1.115;
 -2.974 -1.286 -0.924 -0.656 -0.622 -0.833 -0.948 -1.005 -1.046 -1.063  -1.111 -1.107;
 -2.93  -1.362 -0.987 -0.664 -0.751 -0.873 -1.049 -1.028 -1.067 -1.062  -1.082 -1.115;
 -2.939 -1.312 -0.846 -0.555 -0.912 -0.859 -0.929 -1.018 -1.051 -1.088  -1.078 -1.114;
 -2.881 -1.314 -0.774 -0.78  -0.781 -0.808 -0.978 -1.012 -1.058 -1.078  -1.078 -1.117]

50000 runs sarsa

tilings 32

avg_reward_step_size: 2^-6

epsilon: [0.001, 0.019, 0.036, 0.054, 0.072, 0.09, 0.107, 0.125]
update_step_size: [0.0, 0.091, 0.182, 0.273, 0.364, 0.455, 0.546, 0.637, 0.727, 0.818, 0.909, 1.0]

exp_reward:

[-2.684 -1.754 -1.386 -1.454 -1.594 -1.386 -1.385 -1.267 -1.073 -1.225  -1.261 -1.205;
 -2.767 -1.485 -1.223 -0.785 -0.596 -0.704 -0.674 -0.932 -1.062 -1.06  -1.09  -1.117;
 -2.802 -1.305 -0.942 -0.571 -0.519 -0.735 -0.741 -0.946 -1.018 -1.07  -1.083 -1.117;
 -2.793 -1.256 -0.842 -0.586 -0.678 -0.755 -0.905 -1.    -1.067 -1.076  -1.097 -1.094;
 -2.9   -1.186 -0.694 -0.511 -0.657 -0.888 -0.932 -1.036 -1.054 -1.115  -1.121 -1.096;
 -2.889 -1.251 -0.695 -0.577 -0.771 -0.927 -0.972 -1.012 -1.08  -1.116  -1.081 -1.102;
 -2.767 -1.307 -0.643 -0.743 -0.84  -0.958 -1.021 -1.019 -1.094 -1.102  -1.126 -1.106;
 -2.762 -1.345 -0.702 -1.078 -0.94  -1.087 -1.083 -1.082 -1.087 -1.088  -1.112 -1.118]


50000 runs sarsa

tilings 32

avg_reward_step_size: 2^-5

epsilon: [0.001, 0.019, 0.036, 0.054, 0.072, 0.09, 0.107, 0.125]
update_step_size: [0.0, 0.091, 0.182, 0.273, 0.364, 0.455, 0.546, 0.637, 0.727, 0.818, 0.909, 1.0]

exp_reward:

[-2.931 -1.824 -1.335 -1.315 -1.249 -1.124 -1.161 -1.219 -1.303 -0.98  -1.009 -1.076;
 -2.73  -1.672 -1.185 -0.705 -0.41  -0.477 -0.716 -0.909 -1.045 -1.077  -1.088 -1.07 ;
 -2.846 -1.41  -0.914 -0.444 -0.641 -0.666 -0.943 -0.89  -1.    -1.053  -1.111 -1.123;
 -2.864 -1.302 -0.613 -0.575 -0.588 -0.794 -0.855 -1.002 -1.066 -1.096  -1.091 -1.108;
 -2.845 -1.28  -0.635 -0.563 -0.707 -0.897 -0.994 -1.026 -1.083 -1.093  -1.113 -1.095;
 -2.797 -1.264 -0.549 -0.653 -0.792 -0.941 -1.101 -1.181 -1.125 -1.132  -1.125 -1.122;
 -2.686 -1.368 -0.455 -0.722 -1.03  -1.088 -1.208 -1.156 -1.154 -1.15  -1.114 -1.108;
 -2.722 -1.418 -0.584 -0.766 -1.043 -1.251 -1.327 -1.234 -1.185 -1.156  -1.124 -1.135]


50000 runs sarsa

tilings 32

avg_reward_step_size: 2^-4

epsilon: [0.001, 0.019, 0.036, 0.054, 0.072, 0.09, 0.107, 0.125]
update_step_size: [0.0, 0.091, 0.182, 0.273, 0.364, 0.455, 0.546, 0.637, 0.727, 0.818, 0.909, 1.0]

exp_reward:

[-2.987 -1.992 -1.391 -1.305 -1.293 -1.185 -1.243 -1.107 -1.006 -1.078  -1.063 -0.965;
 -2.666 -1.949 -1.319 -0.732 -0.698 -0.692 -0.731 -0.808 -0.989 -1.008  -1.059 -1.115;
 -2.572 -1.766 -0.977 -0.56  -0.67  -0.633 -0.912 -1.005 -1.074 -1.056  -1.088 -1.124;
 -2.6   -1.624 -0.884 -0.666 -0.661 -0.782 -0.989 -0.974 -1.108 -1.131  -1.094 -1.121;
 -2.552 -1.449 -0.781 -0.561 -0.701 -0.899 -0.97  -1.15  -1.132 -1.101  -1.095 -1.115;
 -2.535 -1.371 -0.794 -0.589 -0.854 -1.061 -1.208 -1.243 -1.154 -1.17  -1.101 -1.125;
 -2.504 -1.314 -0.799 -0.79  -1.075 -1.248 -1.201 -1.307 -1.188 -1.172  -1.157 -1.129;
 -2.409 -1.31  -0.746 -0.916 -1.238 -1.266 -1.376 -1.304 -1.207 -1.157  -1.138 -1.166]



50000 runs sarsa

tilings 32

avg_reward_step_size: 2^-3

epsilon: [0.001, 0.019, 0.036, 0.054, 0.072, 0.09, 0.107, 0.125]
update_step_size: [0.0, 0.091, 0.182, 0.273, 0.364, 0.455, 0.546, 0.637, 0.727, 0.818, 0.909, 1.0]

exp_reward:

-2.49000000000000	-1.95200000000000	-1.43400000000000	-1.49700000000000	-1.39400000000000	-1.39600000000000	-1.27800000000000	-1.27900000000000	-1.26000000000000	-1.22700000000000	-1.22900000000000	-1.27200000000000
-2.49600000000000	-1.57500000000000	-1.18600000000000	-0.974000000000000	-0.697000000000000	-0.902000000000000	-0.912000000000000	-1.08200000000000	-1.11100000000000	-1.12000000000000	-1.15600000000000	-1.11400000000000
-2.52400000000000	-1.43800000000000	-1.13600000000000	-0.645000000000000	-0.789000000000000	-0.787000000000000	-0.976000000000000	-1.07100000000000	-1.09900000000000	-1.07200000000000	-1.14600000000000	-1.10100000000000
-2.52900000000000	-1.41000000000000	-0.897000000000000	-0.601000000000000	-0.751000000000000	-0.793000000000000	-0.992000000000000	-1.04400000000000	-1.10100000000000	-1.09100000000000	-1.10300000000000	-1.10100000000000
-2.45200000000000	-1.33500000000000	-0.947000000000000	-0.570000000000000	-0.745000000000000	-0.813000000000000	-1.02100000000000	-1.03800000000000	-1.08600000000000	-1.06600000000000	-1.07400000000000	-1.10700000000000
-2.53300000000000	-1.29300000000000	-0.750000000000000	-0.586000000000000	-0.640000000000000	-0.938000000000000	-1.02100000000000	-0.989000000000000	-1.05200000000000	-1.07400000000000	-1.07800000000000	-1.10600000000000
-2.52800000000000	-1.26300000000000	-0.879000000000000	-0.625000000000000	-0.701000000000000	-0.889000000000000	-0.928000000000000	-1.03600000000000	-1.05400000000000	-1.08500000000000	-1.08200000000000	-1.09700000000000
-2.49300000000000	-1.42500000000000	-0.813000000000000	-0.611000000000000	-0.755000000000000	-0.792000000000000	-0.991000000000000	-1.03900000000000	-1.04900000000000	-1.06800000000000	-1.08900000000000	-1.11500000000000



100000 runs sarsa

tilings 32

avg_reward_step_size: 2^-8

epsilon: [0.001, 0.019, 0.036, 0.054, 0.072, 0.09, 0.107, 0.125]
update_step_size: [0.0, 0.091, 0.182, 0.273, 0.364, 0.455, 0.546, 0.637, 0.727, 0.818, 0.909, 1.0]

exp_reward:

[-2.564 -1.566 -1.338 -1.328 -1.256 -1.245 -1.159 -1.239 -1.138 -1.166  -1.151 -1.136;
 -2.59  -1.3   -0.432 -0.289 -0.321 -0.688 -0.951 -1.03  -1.112 -1.111  -1.116 -1.13 ;
 -2.353 -1.032 -0.325 -0.363 -0.515 -0.733 -0.921 -1.011 -1.071 -1.09  -1.094 -1.084;
 -2.585 -1.    -0.346 -0.482 -0.678 -0.886 -1.042 -1.057 -1.079 -1.085  -1.088 -1.106;
 -2.524 -0.833 -0.431 -0.545 -0.707 -0.914 -0.995 -1.042 -1.061 -1.082  -1.079 -1.105;
 -2.59  -0.732 -0.274 -0.631 -0.787 -0.918 -0.959 -1.01  -1.038 -1.075  -1.102 -1.095;
 -2.479 -0.75  -0.432 -0.62  -0.804 -0.93  -1.008 -1.023 -1.051 -1.077  -1.082 -1.118;
 -2.505 -0.744 -0.449 -0.659 -0.797 -0.932 -0.957 -1.008 -1.07  -1.072  -1.096 -1.113]


100000 runs sarsa

tilings 32

avg_reward_step_size: 2^-7

epsilon: [0.001, 0.019, 0.036, 0.054, 0.072, 0.09, 0.107, 0.125]
update_step_size: [0.0, 0.091, 0.182, 0.273, 0.364, 0.455, 0.546, 0.637, 0.727, 0.818, 0.909, 1.0]

exp_reward:
[-3.052 -1.564 -1.646 -1.133 -1.154 -1.107 -0.972 -0.858 -1.043 -1.079  -1.092 -1.115;
 -3.023 -1.25  -0.542 -0.334 -0.386 -0.604 -0.844 -0.947 -1.101 -1.148  -1.136 -1.142;
 -3.064 -1.029 -0.328 -0.278 -0.445 -0.758 -0.93  -1.054 -1.049 -1.067  -1.121 -1.125;
 -2.992 -0.665 -0.398 -0.428 -0.566 -0.856 -0.93  -1.08  -1.044 -1.116  -1.088 -1.116;
 -2.974 -0.62  -0.36  -0.513 -0.644 -0.886 -0.981 -1.03  -1.058 -1.105  -1.101 -1.126;
 -2.966 -0.736 -0.413 -0.645 -0.797 -0.961 -0.983 -0.995 -1.074 -1.09  -1.082 -1.118;
 -2.98  -0.578 -0.474 -0.67  -0.841 -0.861 -1.027 -1.034 -1.064 -1.075  -1.082 -1.113;
 -2.86  -0.798 -0.636 -0.719 -0.733 -0.883 -1.003 -1.027 -1.042 -1.067  -1.092 -1.124]


100000 runs sarsa

tilings 32

avg_reward_step_size: 2^-6

epsilon: [0.001, 0.019, 0.036, 0.054, 0.072, 0.09, 0.107, 0.125]
update_step_size: [0.0, 0.091, 0.182, 0.273, 0.364, 0.455, 0.546, 0.637, 0.727, 0.818, 0.909, 1.0]

exp_reward:
[-2.698 -1.286 -1.271 -1.45  -1.112 -1.004 -0.918 -0.909 -1.052 -1.172  -1.047 -1.052;
 -2.861 -1.284 -0.404 -0.324 -0.364 -0.536 -0.712 -0.906 -0.999 -1.122  -1.115 -1.12 ;
 -2.821 -0.745 -0.266 -0.291 -0.473 -0.695 -0.759 -1.002 -1.08  -1.061  -1.082 -1.133;
 -2.752 -0.542 -0.347 -0.461 -0.613 -0.829 -0.89  -1.007 -1.027 -1.066  -1.115 -1.143;
 -2.779 -0.498 -0.482 -0.563 -0.755 -0.785 -0.942 -1.005 -1.028 -1.089  -1.074 -1.134;
 -2.761 -0.499 -0.418 -0.572 -0.682 -0.94  -0.905 -1.05  -1.074 -1.081  -1.094 -1.125;
 -2.631 -0.421 -0.46  -0.681 -0.846 -0.857 -1.035 -1.026 -1.028 -1.127  -1.12  -1.125;
 -2.681 -0.548 -0.505 -0.732 -0.891 -0.97  -0.977 -1.054 -1.053 -1.092  -1.119 -1.14 ]


100000 runs sarsa

tilings 32

avg_reward_step_size: 2^-5

epsilon: [0.001, 0.019, 0.036, 0.054, 0.072, 0.09, 0.107, 0.125]
update_step_size: [0.0, 0.091, 0.182, 0.273, 0.364, 0.455, 0.546, 0.637, 0.727, 0.818, 0.909, 1.0]

exp_reward:

[-2.927 -1.346 -1.119 -0.934 -0.836 -0.734 -0.763 -0.927 -0.844 -0.932  -0.97  -1.11 ;
 -2.884 -1.018 -0.396 -0.315 -0.42  -0.693 -0.782 -0.878 -1.054 -1.087  -1.1   -1.096;
 -2.846 -0.686 -0.348 -0.371 -0.625 -0.778 -0.797 -0.975 -1.003 -1.065  -1.082 -1.085;
 -2.929 -0.538 -0.229 -0.421 -0.725 -0.895 -0.837 -0.986 -1.001 -1.089  -1.115 -1.125;
 -2.632 -0.599 -0.399 -0.545 -0.591 -0.722 -0.851 -0.97  -1.016 -1.069  -1.107 -1.151;
 -2.685 -0.571 -0.482 -0.691 -0.746 -0.916 -0.965 -0.983 -1.077 -1.108  -1.107 -1.118;
 -2.496 -0.427 -0.613 -0.744 -0.777 -0.834 -0.956 -1.027 -1.098 -1.076  -1.101 -1.135;
 -2.552 -0.379 -0.574 -0.773 -0.898 -0.939 -1.018 -1.012 -1.075 -1.11  -1.123 -1.153]


100000 runs sarsa

tilings 32

avg_reward_step_size: 2^-4

epsilon: [0.001, 0.019, 0.036, 0.054, 0.072, 0.09, 0.107, 0.125]
update_step_size: [0.0, 0.091, 0.182, 0.273, 0.364, 0.455, 0.546, 0.637, 0.727, 0.818, 0.909, 1.0]

exp_reward:
[-2.81  -1.386 -1.251 -1.158 -1.017 -0.688 -0.657 -0.521 -0.735 -0.78  -0.683 -0.997;
 -2.589 -1.39  -0.5   -0.375 -0.474 -0.532 -0.772 -0.907 -0.91  -0.992  -1.013 -1.087;
 -2.628 -0.519 -0.465 -0.462 -0.598 -0.754 -0.785 -0.854 -1.019 -1.014  -1.064 -1.083;
 -2.56  -0.689 -0.336 -0.494 -0.796 -0.823 -0.862 -0.936 -0.989 -1.013  -1.081 -1.11 ;
 -2.456 -0.823 -0.496 -0.61  -0.755 -0.863 -0.915 -0.974 -1.044 -1.019  -1.096 -1.11 ;
 -2.521 -0.591 -0.64  -0.646 -0.901 -0.84  -0.945 -1.036 -1.062 -1.065  -1.095 -1.144;
 -2.444 -0.638 -0.662 -0.729 -0.817 -0.966 -1.026 -1.026 -1.027 -1.096  -1.145 -1.156;
 -2.421 -0.683 -0.724 -0.915 -0.936 -1.056 -1.033 -1.08  -1.093 -1.112  -1.114 -1.169]


100000 runs sarsa

tilings 32

avg_reward_step_size: 2^-3

epsilon: [0.001, 0.019, 0.036, 0.054, 0.072, 0.09, 0.107, 0.125]
update_step_size: [0.0, 0.091, 0.182, 0.273, 0.364, 0.455, 0.546, 0.637, 0.727, 0.818, 0.909, 1.0]

exp_reward:


[-2.601 -1.503 -1.295 -1.304 -1.28  -1.037 -1.065 -0.865 -0.827 -0.803  -0.906 -0.968;
 -2.517 -1.249 -0.816 -0.573 -0.882 -0.72  -0.672 -0.83  -0.966 -1.016  -1.001 -1.025;
 -2.58  -1.086 -0.638 -0.649 -0.665 -0.788 -0.926 -0.977 -0.994 -1.035  -1.027 -1.061;
 -2.696 -0.949 -0.712 -0.715 -0.84  -0.903 -0.962 -0.952 -1.033 -1.037  -1.039 -1.095;
 -2.612 -1.172 -0.651 -0.796 -0.803 -0.913 -0.979 -1.043 -1.047 -1.065  -1.101 -1.112;
 -2.537 -1.196 -0.926 -0.731 -0.936 -0.961 -1.02  -1.061 -1.057 -1.06  -1.125 -1.149;
 -2.637 -1.338 -0.956 -0.973 -0.917 -1.042 -1.059 -1.04  -1.087 -1.085  -1.129 -1.132;
 -2.488 -1.264 -0.986 -1.133 -1.087 -1.024 -1.1   -1.08  -1.094 -1.111  -1.117 -1.177]



150000 runs sarsa

tilings 32

avg_reward_step_size: 2^-7

epsilon: [0.001, 0.019, 0.036, 0.054, 0.072, 0.09, 0.107, 0.125]
update_step_size: [0.0, 0.091, 0.182, 0.273, 0.364, 0.455, 0.546, 0.637, 0.727, 0.818, 0.909, 1.0]

exp_reward:

[-3.037 -1.663 -1.28  -1.168 -0.91  -0.853 -0.727 -0.926 -0.871 -1.034  -1.068 -1.111;
 -2.992 -0.941 -0.427 -0.186 -0.288 -0.516 -0.743 -1.017 -1.098 -1.172  -1.127 -1.126;
 -2.996 -0.432 -0.256 -0.25  -0.51  -0.949 -1.023 -1.078 -1.1   -1.048  -1.111 -1.106;
 -2.965 -0.405 -0.279 -0.474 -0.707 -0.751 -0.973 -1.062 -1.08  -1.122  -1.11  -1.126;
 -3.019 -0.429 -0.292 -0.493 -0.839 -0.871 -0.92  -1.029 -1.043 -1.087  -1.124 -1.08;
 -2.952 -0.413 -0.392 -0.652 -0.778 -0.94  -1.018 -0.996 -1.091 -1.093  -1.091 -1.114;
 -2.986 -0.299 -0.642 -0.662 -0.824 -0.894 -0.976 -1.005 -1.05  -1.057  -1.098 -1.095;
 -2.966 -0.392 -0.636 -0.667 -0.902 -0.85  -0.98  -1.023 -1.043 -1.073  -1.112 -1.108]


150000 runs sarsa

tilings 32

avg_reward_step_size: 2^-6

epsilon: [0.001, 0.019, 0.036, 0.054, 0.072, 0.09, 0.107, 0.125]
update_step_size: [0.0, 0.091, 0.182, 0.273, 0.364, 0.455, 0.546, 0.637, 0.727, 0.818, 0.909, 1.0]

exp_reward:
[-2.793 -1.282 -1.073 -1.006 -0.935 -0.74  -0.758 -0.768 -0.713 -0.985  -1.037 -1.115;
 -2.81  -0.527 -0.282 -0.205 -0.438 -0.647 -0.741 -0.864 -0.979 -1.082  -1.102 -1.125;
 -2.822 -0.296 -0.174 -0.445 -0.681 -0.843 -0.902 -1.005 -1.032 -1.071  -1.119 -1.121;
 -2.759 -0.223 -0.332 -0.597 -0.749 -0.758 -0.938 -0.987 -1.05  -1.114  -1.119 -1.11 ;
 -2.656 -0.202 -0.464 -0.62  -0.813 -0.837 -0.957 -1.022 -1.058 -1.106  -1.125 -1.144;
 -2.713 -0.4   -0.494 -0.655 -0.736 -0.916 -0.984 -1.004 -1.036 -1.107  -1.095 -1.122;
 -2.59  -0.403 -0.578 -0.808 -0.82  -0.929 -0.967 -1.008 -1.077 -1.105  -1.119 -1.121;
 -2.397 -0.366 -0.545 -0.747 -0.825 -0.959 -0.997 -1.035 -1.081 -1.123  -1.113 -1.143]


150000 runs sarsa

tilings 32

avg_reward_step_size: 2^-5

epsilon: [0.001, 0.019, 0.036, 0.054, 0.072, 0.09, 0.107, 0.125]
update_step_size: [0.0, 0.091, 0.182, 0.273, 0.364, 0.455, 0.546, 0.637, 0.727, 0.818, 0.909, 1.0]

exp_reward:

[-2.997 -1.052 -0.766 -0.729 -0.507 -0.611 -0.58  -0.719 -0.747 -0.828  -0.869 -0.975;
 -2.97  -0.46  -0.296 -0.372 -0.347 -0.526 -0.698 -0.77  -1.012 -1.03  -1.084 -1.092;
 -2.885 -0.229 -0.281 -0.466 -0.581 -0.664 -0.802 -0.971 -1.03  -1.058  -1.116 -1.13 ;
 -2.709 -0.262 -0.482 -0.595 -0.622 -0.829 -0.828 -0.876 -1.027 -1.098  -1.091 -1.141;
 -2.6   -0.28  -0.548 -0.571 -0.683 -0.882 -0.978 -0.988 -1.004 -1.072  -1.104 -1.141;
 -2.523 -0.362 -0.529 -0.749 -0.773 -0.8   -1.003 -0.999 -1.055 -1.11  -1.124 -1.113;
 -2.561 -0.463 -0.457 -0.758 -0.717 -0.842 -0.982 -1.049 -1.047 -1.099  -1.126 -1.14;
 -2.447 -0.439 -0.723 -0.733 -0.771 -0.917 -0.936 -1.022 -1.066 -1.093  -1.115 -1.144]

150000 runs sarsa

tilings 32

avg_reward_step_size: 2^-4

epsilon: [0.001, 0.019, 0.036, 0.054, 0.072, 0.09, 0.107, 0.125]
update_step_size: [0.0, 0.091, 0.182, 0.273, 0.364, 0.455, 0.546, 0.637, 0.727, 0.818, 0.909, 1.0]

exp_reward:

[-2.62  -1.242 -1.246 -0.886 -0.63  -0.5   -0.6   -0.424 -0.771 -0.791  -0.885 -0.885;
 -2.583 -0.494 -0.394 -0.362 -0.483 -0.672 -0.817 -0.822 -0.857 -0.992  -1.015 -1.062;
 -2.42  -0.437 -0.42  -0.666 -0.715 -0.782 -0.802 -0.827 -0.963 -1.012  -1.035 -1.115;
 -2.504 -0.495 -0.524 -0.686 -0.7   -0.725 -0.842 -0.854 -0.998 -1.045  -1.115 -1.11;
 -2.533 -0.497 -0.557 -0.617 -0.675 -0.805 -0.928 -0.987 -1.004 -1.03  -1.101 -1.121;
 -2.612 -0.599 -0.642 -0.667 -0.717 -0.816 -0.879 -0.985 -1.042 -1.082  -1.124 -1.136;
 -2.471 -0.412 -0.742 -0.67  -0.827 -0.957 -0.975 -0.983 -1.064 -1.07  -1.132 -1.155;
 -2.314 -0.615 -0.777 -0.851 -0.818 -0.956 -0.978 -1.01  -1.075 -1.075  -1.123 -1.144]


30000 runs sarsa


tilings 32

avg_reward_step_size: 2^-8

epsilon: [0.001, 0.019, 0.036, 0.054, 0.072, 0.09, 0.107, 0.125]
update_step_size: [0.00195312 0.11284722 0.22374132 0.33463542 0.44552951 0.55642361 0.66731771 0.77821181 0.8891059  1.]       ]

exp_reward:

[-2.50545917 -1.31802142 -0.81144659 -0.66861886 -0.51651252 -0.59473875  -0.80398857 -1.04821049 -1.16067022 -1.17880037;
 -2.3403545  -0.24082194 -0.12241806 -0.27543564 -0.53366424 -0.88312851  -1.06910662 -1.09071974 -1.12690136 -1.12560696;
 -2.31546727 -0.15685237 -0.32029501 -0.65864051 -0.90594398 -1.04745989  -1.08363022 -1.09204381 -1.07877037 -1.09909319;
 -2.17696561 -0.26339318 -0.34502625 -0.78114149 -0.87540443 -1.03334877  -1.05527098 -1.08284377 -1.09834455 -1.10049734;
 -2.22858711 -0.27667899 -0.6319796  -0.90547752 -0.9374585  -1.04285974  -1.03211713 -1.02562696 -1.06788813 -1.0943173 ;
 -2.26565106 -0.33829231 -0.75833042 -0.87673275 -0.97609659 -1.03816862  -1.0217404  -1.06067782 -1.08853052 -1.09076492;
 -2.27354761 -0.47996787 -0.87541287 -0.8508797  -0.86753026 -0.97960064  -0.99247404 -1.04654837 -1.07414428 -1.08281926;
 -2.30176083 -0.52503818 -0.82108589 -0.82931385 -0.98968443 -0.97583001  -1.00776548 -1.04665739 -1.06216339 -1.10236753]

avg_reward_step_size: 2^-7

epsilon: [0.001, 0.019, 0.036, 0.054, 0.072, 0.09, 0.107, 0.125]
update_step_size:[0.00195312 0.11284722 0.22374132 0.33463542 0.44552951 0.55642361 0.66731771 0.77821181 0.8891059  1.] 

exp_reward:
[-2.60923939 -1.35205085 -0.8892653  -0.40747888 -0.45341413 -0.38852997  -0.45913799 -0.86203558 -1.07306285 -1.15148509;
 -2.60727858 -0.24308406 -0.13388362 -0.20725842 -0.50209982 -0.79240718  -1.1213137  -1.08681003 -1.12748347 -1.12298755;
 -2.59829771 -0.3848709  -0.27010256 -0.52972137 -0.90801676 -0.98289494  -1.10979726 -1.12848647 -1.1134301  -1.12736333;
 -2.55705088 -0.21700913 -0.46398689 -0.80030235 -0.94004529 -1.0271802  -1.09701878 -1.06584772 -1.10385429 -1.14022266;
 -2.55164669 -0.37058426 -0.63065036 -0.83134014 -0.89804415 -1.00511082  -1.03694758 -1.11184905 -1.07615471 -1.08552501;
 -2.47793071 -0.29956196 -0.78280788 -0.93187    -1.00509401 -1.0195083  -1.00840504 -1.10296402 -1.08630655 -1.11572575;
 -2.5045726  -0.45635652 -0.81270573 -0.83072674 -0.9132369  -0.97815297  -1.0326401  -1.05964282 -1.08788635 -1.13293866;
 -2.67597608 -0.53406596 -0.79866526 -0.86726584 -0.96622903 -0.98699862  -1.00998038 -1.0652949  -1.07907217 -1.11195386]


avg_reward_step_size: 2^-6

epsilon: [0.001, 0.019, 0.036, 0.054, 0.072, 0.09, 0.107, 0.125]
update_step_size: [0.00195312 0.11284722 0.22374132 0.33463542 0.44552951 0.55642361 0.66731771 0.77821181 0.8891059  1.] 


exp_reward:

[-2.24033973 -0.93745329 -0.66638749 -0.54992247 -0.43744089 -0.37009162  -0.52803749 -0.77622722 -0.95387045 -1.03699747;
 -2.01981768 -0.13357934 -0.26521942 -0.49125775 -0.40628249 -0.75980861  -0.99819106 -1.06522733 -1.13172024 -1.12149566;
 -2.08693035 -0.29247798 -0.29873415 -0.55075592 -0.75515979 -0.99118534  -1.08300306 -1.1361638  -1.13900259 -1.14645971;
 -2.01981437 -0.25982841 -0.43524952 -0.6835065  -0.87915361 -1.02562408  -1.01454732 -1.11741718 -1.11739372 -1.11800273;
 -2.00084655 -0.36099054 -0.5500524  -0.77844484 -0.92193752 -1.01489593  -1.07297861 -1.09140976 -1.12600549 -1.11310808;
 -2.01478989 -0.45637314 -0.63078804 -0.74500394 -0.88350997 -1.00824472  -1.07785103 -1.1251267  -1.10536024 -1.13414068;
 -2.0110075  -0.45256512 -0.7143515  -0.82429751 -0.90630064 -1.0307889  -1.034766   -1.07979407 -1.12795582 -1.1367264 ;
 -2.0025825  -0.58868616 -0.73238985 -0.82407865 -0.92380335 -1.00102347  -1.05100563 -1.08593199 -1.07998851 -1.14509602]


avg_reward_step_size: 2^-5

epsilon: [0.001, 0.019, 0.036, 0.054, 0.072, 0.09, 0.107, 0.125]
update_step_size: [0.00195312 0.11284722 0.22374132 0.33463542 0.44552951 0.55642361 0.66731771 0.77821181 0.8891059  1.] 


exp_reward:

[-2.6356101  -0.5467504  -0.33173988 -0.20990992 -0.17370364 -0.37108429  -0.52469759 -0.58501654 -0.72361295 -0.95434371;
 -2.19532592 -0.29363407 -0.20280063 -0.35070803 -0.62041184 -0.73329055  -0.74860909 -1.00198329 -1.10065983 -1.13405913;
 -2.08615355 -0.20281342 -0.43421893 -0.57071522 -0.52599926 -0.79098402  -0.98363487 -1.06154839 -1.11411299 -1.1370692 ;
 -2.07042729 -0.26077159 -0.59398477 -0.56244464 -0.76602776 -0.90605248  -0.99686875 -1.06606993 -1.13684666 -1.13697333;
 -2.05729029 -0.43544031 -0.56550594 -0.75585771 -0.7787885  -0.97320813  -1.04523662 -1.09024501 -1.1082746  -1.13094934;
 -2.03949424 -0.481982   -0.5818611  -0.7184145  -0.85257258 -0.92215158  -1.04597808 -1.08493799 -1.14195776 -1.11168532;
 -2.04602251 -0.51111118 -0.66981444 -0.81447257 -0.87998667 -0.96552659  -1.0520029  -1.1108632  -1.14159483 -1.14041636;
 -2.06878734 -0.66144051 -0.73352027 -0.79208406 -0.922638   -0.97142144  -1.04555533 -1.08253042 -1.10771739 -1.16261098]




tilings 64

avg_reward_step_size: 2^-9

epsilon: [0.    0.001 0.002 0.004 0.008 0.016 0.031 0.062 0.125 0.25 ]
update_step_size: [0.001 0.002 0.004 0.008 0.016 0.031 0.062 0.125 0.25  0.5  ]

exp_reward:

[-2.287 -2.119 -2.047 -2.15  -2.184 -1.807 -1.14  -0.969 -1.015 -0.882;
 -2.372 -2.177 -2.126 -2.109 -2.068 -1.667 -1.042 -0.905 -0.566 -0.656;
 -2.273 -2.159 -2.098 -2.085 -1.982 -1.627 -1.181 -0.479 -0.22  -0.631;
 -2.26  -2.095 -2.024 -2.14  -1.993 -1.468 -0.79  -0.348 -0.185 -0.549;
 -2.243 -2.133 -2.087 -2.071 -1.711 -1.396 -0.488 -0.24  -0.318 -0.776;
 -2.232 -2.116 -2.027 -1.99  -1.621 -1.033 -0.369 -0.12  -0.179 -0.556;
 -2.325 -2.073 -2.027 -1.827 -1.347 -0.625 -0.198 -0.142 -0.256 -0.556;
 -2.231 -2.085 -1.993 -1.726 -1.206 -0.547 -0.155 -0.264 -0.395 -0.656;
 -2.32  -2.145 -1.971 -1.525 -0.961 -0.576 -0.134 -0.308 -0.751 -0.65 ;
 -2.28  -2.117 -1.969 -1.439 -1.159 -0.36  -0.269 -0.587 -0.457 -0.642]



tilings 64

avg_reward_step_size: 2^-8

epsilon: [0.    0.001 0.002 0.004 0.008 0.016 0.031 0.062 0.125 0.25 ]
update_step_size: [0.001 0.002 0.004 0.008 0.016 0.031 0.062 0.125 0.25  0.5  ]

exp_reward:

[-2.295 -2.336 -2.181 -2.11  -1.688 -1.803 -1.326 -1.118 -0.56  -0.56 ;
 -2.277 -2.126 -2.144 -2.087 -1.761 -1.708 -1.326 -0.975 -0.239 -0.4  ;
 -2.294 -2.193 -2.108 -2.044 -1.635 -1.614 -1.199 -0.558 -0.158 -0.357;
 -2.326 -2.181 -2.151 -2.059 -1.576 -1.291 -0.924 -0.352 -0.089 -0.416;
 -2.315 -2.218 -2.147 -1.957 -1.397 -1.229 -0.616 -0.143 -0.193 -0.182;
 -2.281 -2.2   -2.105 -1.847 -1.409 -1.107 -0.388 -0.192 -0.086 -0.178;
 -2.284 -2.149 -2.003 -1.778 -1.245 -0.633 -0.199 -0.157 -0.185 -0.467;
 -2.381 -2.119 -2.011 -1.493 -1.078 -0.322 -0.158 -0.113 -0.403 -0.559;
 -2.343 -2.17  -2.076 -1.307 -0.603 -0.333 -0.202 -0.367 -0.635 -0.548;
 -2.542 -2.257 -1.996 -1.227 -0.554 -0.643 -0.459 -0.39  -0.349 -0.55 ]




tilings 64

avg_reward_step_size: 2^-7

epsilon: [0.    0.001 0.002 0.004 0.008 0.016 0.031 0.062 0.125 0.25 ]
update_step_size: [0.001 0.002 0.004 0.008 0.016 0.031 0.062 0.125 0.25  0.5  ]

exp_reward:

[-2.768 -2.42  -2.204 -2.276 -2.187 -1.771 -1.501 -1.302 -0.628 -0.333;
 -2.735 -2.37  -2.172 -2.312 -2.064 -1.932 -1.19  -0.846 -0.32  -0.169;
 -2.624 -2.362 -2.209 -2.284 -2.13  -1.738 -1.088 -0.62  -0.223 -0.055;
 -2.518 -2.265 -2.196 -2.257 -2.077 -1.6   -0.889 -0.197 -0.126 -0.074;
 -2.456 -2.311 -2.182 -2.247 -2.068 -1.303 -0.282 -0.318 -0.125 -0.044;
 -2.455 -2.382 -2.187 -2.248 -1.787 -0.992 -0.364 -0.208 -0.069 -0.031;
 -2.456 -2.393 -2.08  -2.074 -1.707 -0.707 -0.195 -0.061 -0.197 -0.31 ;
 -2.535 -2.289 -2.032 -1.814 -1.184 -0.338 -0.157 -0.082 -0.237 -0.481;
 -2.639 -2.303 -2.082 -1.809 -1.043 -0.303 -0.196 -0.245 -0.351 -0.485;
 -2.788 -2.359 -2.107 -1.734 -1.16  -0.436 -0.347 -0.343 -0.36  -0.524]



tilings 64

avg_reward_step_size: 2^-6

epsilon: [0.    0.001 0.002 0.004 0.008 0.016 0.031 0.062 0.125 0.25 ]
update_step_size: [0.001 0.002 0.004 0.008 0.016 0.031 0.062 0.125 0.25  0.5  ]

exp_reward:

[-2.515 -2.367 -2.003 -2.056 -1.538 -1.183 -0.721 -0.501 -0.376 -0.283;
 -2.533 -2.268 -1.997 -2.064 -1.619 -1.106 -0.676 -0.287 -0.227 -0.122;
 -2.474 -2.17  -2.045 -2.054 -1.577 -1.091 -0.501 -0.24  -0.14  -0.057;
 -2.607 -2.159 -1.983 -2.042 -1.506 -0.908 -0.349 -0.101 -0.036 -0.057;
 -2.504 -2.006 -2.007 -1.951 -1.368 -0.519 -0.171 -0.098 -0.112 -0.065;
 -2.329 -2.011 -1.981 -1.772 -1.266 -0.389 -0.199 -0.093 -0.036 -0.079;
 -2.232 -1.985 -1.973 -1.612 -1.367 -0.167 -0.133 -0.041 -0.157 -0.284;
 -2.136 -1.977 -1.942 -1.497 -0.977 -0.132 -0.201 -0.082 -0.127 -0.5  ;
 -2.133 -1.982 -1.904 -1.393 -0.369 -0.289 -0.149 -0.283 -0.32  -0.435;
 -2.083 -2.054 -1.909 -1.205 -0.363 -0.431 -0.281 -0.328 -0.229 -0.342]


tilings 64

avg_reward_step_size: 2^-5

epsilon: [0.    0.001 0.002 0.004 0.008 0.016 0.031 0.062 0.125 0.25 ]
update_step_size: [0.001 0.002 0.004 0.008 0.016 0.031 0.062 0.125 0.25  0.5  ]

exp_reward:

[-3.065 -2.844 -2.342 -2.116 -1.449 -0.825 -0.43  -0.202 -0.139 -0.05 ;
 -3.082 -2.831 -2.263 -2.052 -1.523 -0.807 -0.225 -0.128 -0.093 -0.077;
 -3.029 -2.675 -2.098 -1.999 -1.467 -0.669 -0.213 -0.195 -0.087 -0.12 ;
 -3.002 -2.651 -2.06  -1.988 -1.457 -0.579 -0.322 -0.079 -0.067 -0.148;
 -2.877 -2.262 -2.026 -2.018 -1.331 -0.49  -0.222 -0.13  -0.132 -0.1  ;
 -2.844 -2.121 -2.052 -2.017 -1.206 -0.385 -0.206 -0.075 -0.116 -0.256;
 -2.312 -2.036 -1.949 -2.008 -1.195 -0.452 -0.086 -0.083 -0.309 -0.199;
 -2.203 -2.023 -1.892 -1.949 -1.239 -0.285 -0.171 -0.134 -0.335 -0.304;
 -2.15  -2.056 -1.884 -1.802 -0.468 -0.3   -0.325 -0.3   -0.246 -0.294;
 -2.138 -2.044 -1.897 -1.462 -0.437 -0.363 -0.335 -0.238 -0.177 -0.28 ]

tilings 64

avg_reward_step_size: 2^-4

epsilon: [0.    0.001 0.002 0.004 0.008 0.016 0.031 0.062 0.125 0.25 ]
update_step_size: [0.001 0.002 0.004 0.008 0.016 0.031 0.062 0.125 0.25  0.5  ]

exp_reward:

[-3.003 -2.743 -2.741 -2.392 -1.925 -1.317 -1.104 -0.565 -0.301 -0.208;
 -3.089 -2.892 -2.478 -2.334 -1.926 -1.269 -1.139 -0.215 -0.398 -0.17 ;
 -2.903 -2.822 -2.379 -2.245 -1.772 -1.209 -1.082 -0.331 -0.21  -0.129;
 -2.757 -2.543 -2.115 -2.137 -1.845 -1.165 -0.666 -0.238 -0.159 -0.129;
 -2.719 -2.468 -2.047 -2.114 -1.734 -1.045 -0.517 -0.169 -0.198 -0.196;
 -2.45  -2.256 -2.079 -2.048 -1.524 -0.986 -0.39  -0.079 -0.123 -0.435;
 -2.324 -2.082 -2.046 -2.012 -1.278 -0.504 -0.171 -0.065 -0.217 -0.272;
 -2.374 -2.07  -2.004 -1.961 -1.358 -0.62  -0.462 -0.245 -0.411 -0.303;
 -2.128 -2.037 -1.897 -1.962 -1.258 -0.899 -0.346 -0.432 -0.259 -0.33 ;
 -2.112 -2.126 -1.875 -1.82  -1.353 -0.757 -0.688 -0.476 -0.352 -0.151]

